57717.9 57717.9 9.19763e-011 3.50594e-009 3.20976e-007 5.3908e-006 6.00611e-005 0.00050053 0.00258444 0.0074921 0.0116895 0.0103225 0.00646413 0.00369673 0.00223712 0.0015355 0.00121519 0.00106594 0.000996893 0.000968812 0.000962019 0.000965521 0.00097293 0.000980615 0.000986773 0.00099063 0.000992093 0.000992328 0.000992426 0.000992465  4.69341e+006 3.19883e+006 2.64621e+006 2.46227e+006 2.16167e+006 1.61264e+006 1.46916e+006 1.4747e+006 1.33856e+006 998950 896431 898942 811974 602036 529641 515474 456342 338818 300277 294929 267456 206855 188609 187026 172231 136925 126053 289736
57246.6 57246.6 8.64677e-011 3.29595e-009 3.01751e-007 5.06789e-006 5.64637e-005 0.000470559 0.00242985 0.00704503 0.0109933 0.00970698 0.00607753 0.0034751 0.00210285 0.00144332 0.00114226 0.00100199 0.0009371 0.000910718 0.000904344 0.000907644 0.000914615 0.000921843 0.000927635 0.000931262 0.000932638 0.000932859 0.000932951 0.000932988  7.93879e+006 3.8746e+006 2.69034e+006 2.28365e+006 2.19612e+006 1.97499e+006 1.50803e+006 1.3736e+006 1.37699e+006 1.2453e+006 935443 841579 835144 747897 555755 488242 471925 419223 317339 284218 278269 253957 200604 184072 180316 166243 134805 407440
104011 104011 1.60929e-010 6.13424e-009 5.61601e-007 9.43213e-006 0.000105085 0.000875598 0.00451746 0.0130711 0.0203612 0.0179899 0.0112826 0.00645934 0.00391119 0.00268526 0.00212536 0.00186442 0.00174368 0.00169457 0.00168269 0.00168881 0.00170176 0.0017152 0.00172596 0.00173271 0.00173526 0.00173567 0.00173585 0.00173591  2.2049e+006 6.25375e+006 3.12662e+006 2.22373e+006 1.93324e+006 1.90416e+006 1.75325e+006 1.33587e+006 1.21076e+006 1.20845e+006 1.09394e+006 821162 731836 719614 639730 473346 415597 402947 360078 274583 247712 244000 223663 177187 162860 159684 147292 480557
61425.9 61425.9 1.00719e-010 3.83917e-009 3.51484e-007 5.90318e-006 6.57697e-005 0.000548092 0.00282974 0.00820125 0.0127934 0.0112981 0.00707647 0.0040475 0.00244958 0.00168138 0.00133066 0.00116724 0.00109162 0.00106087 0.00105343 0.00105727 0.00106538 0.00107379 0.00108054 0.00108476 0.00108636 0.00108662 0.00108672 0.00108677  1.77807e+006 1.65455e+006 4.79835e+006 2.45955e+006 1.7916e+006 1.59533e+006 1.60844e+006 1.47525e+006 1.11409e+006 1.00192e+006 1.00221e+006 909764 678492 600033 585884 518739 383844 338101 329603 296709 228068 207026 204691 188175 149454 137518 134800 530476
47267.2 47267.2 7.41459e-011 2.8263e-009 2.58754e-007 4.34576e-006 4.84181e-005 0.00040352 0.00208397 0.00604421 0.00943433 0.0083298 0.00521422 0.0029811 0.00180378 0.00123797 0.000979696 0.00085936 0.000803689 0.000781049 0.000775575 0.000778399 0.000784373 0.00079057 0.000795536 0.000798646 0.000799826 0.000800015 0.000800094 0.000800126  1.56551e+006 1.45542e+006 1.38734e+006 4.12117e+006 2.16358e+006 1.61414e+006 1.47145e+006 1.47989e+006 1.34956e+006 1.01405e+006 913114 913450 821913 607565 533435 518631 458903 340602 301787 296366 268724 207808 189464 187869 173002 137530 126607 612653
33603.4 33603.4 4.99675e-011 1.90466e-009 1.74375e-007 2.92863e-006 3.26296e-005 0.000271953 0.0014049 0.00407741 0.00636804 0.00562149 0.00351705 0.00201003 0.00121597 0.000834471 0.00066035 0.000579228 0.000541699 0.000526437 0.000522746 0.00052465 0.000528676 0.000532854 0.000536201 0.000538297 0.000539093 0.00053922 0.000539273 0.000539295  2.10104e+006 1.44018e+006 1.34237e+006 1.23269e+006 3.59568e+006 1.97671e+006 1.50957e+006 1.37645e+006 1.38379e+006 1.25812e+006 950971 857693 848706 756996 560731 491602 474690 421462 318902 285555 279560 255108 201473 184856 181095 166957 135366 727252
125221 125221 1.89839e-010 7.23628e-009 6.62495e-007 1.11266e-005 0.000123962 0.00103282 0.0053268 0.0154005 0.0239733 0.0211856 0.0132949 0.00761467 0.0046118 0.00316662 0.0025065 0.00219883 0.00205647 0.00199857 0.00198457 0.00199179 0.00200707 0.00202292 0.00203562 0.00204357 0.00204658 0.00204707 0.00204727 0.00204735  2.84394e+006 1.65506e+006 1.16215e+006 1.10955e+006 1.04355e+006 3.11771e+006 1.75512e+006 1.33866e+006 1.21704e+006 1.22034e+006 1.11001e+006 837192 747236 732254 648156 477974 418751 405564 362214 276089 249012 245262 224795 178048 163640 160458 148002 764888
73150.2 73150.2 1.14654e-010 4.3704e-009 4.00119e-007 6.71997e-006 7.48694e-005 0.000623905 0.00322063 0.00933051 0.01455 0.0128505 0.0080511 0.00460587 0.0027878 0.00191364 0.00151451 0.00132853 0.00124249 0.0012075 0.00119903 0.0012034 0.00121264 0.00122221 0.00122989 0.0012347 0.00123652 0.00123681 0.00123694 0.00123698  9.4899e+006 2.13371e+006 1.27355e+006 918433 897893 861970 2.63028e+006 1.47555e+006 1.11365e+006 1.0032e+006 1.00854e+006 921042 690769 612081 595753 525263 387392 340501 331588 298334 229216 208020 205659 189044 150114 138116 135394 771079
77106.4 77106.4 1.11546e-010 4.25193e-009 3.89273e-007 6.53785e-006 7.28389e-005 0.000606956 0.00313301 0.00907703 0.0141553 0.012501 0.00783113 0.00447957 0.00271119 0.00186101 0.00147287 0.00129203 0.00120838 0.00117437 0.00116615 0.00117041 0.0011794 0.00118872 0.00119619 0.00120086 0.00120264 0.00120292 0.00120304 0.00120309  1.34384e+007 7.76768e+006 1.7891e+006 1.09381e+006 807898 808931 794968 2.41904e+006 1.3482e+006 1.01171e+006 912699 918161 831479 618226 543912 527171 464518 343643 303839 298067 270120 208797 190322 188708 173754 138100 127123 834552
62164.2 62164.2 8.89455e-011 3.39041e-009 3.104e-007 5.21318e-006 5.80812e-005 0.000484011 0.00249906 0.00724491 0.0113043 0.00998153 0.00624976 0.00357374 0.00216256 0.00148429 0.00117468 0.00103043 0.000963704 0.000936576 0.000930024 0.000933419 0.000940588 0.000948022 0.000953978 0.000957708 0.000959123 0.00095935 0.000959445 0.000959483  1.08003e+007 1.08955e+007 6.4557e+006 1.58423e+006 1.01926e+006 815756 837863 759070 2.19701e+006 1.25004e+006 944195 854403 850916 764101 569294 500169 481615 425923 321249 287065 280752 256059 202132 185420 181644 167447 135733 947140
155993 155993 2.6939e-010 1.02686e-008 9.40109e-007 1.57891e-005 0.0001759 0.00146519 0.00754921 0.0217774 0.0338357 0.029918 0.0188059 0.0107837 0.00653516 0.00448864 0.00355348 0.00311757 0.00291589 0.00283388 0.00281407 0.00282433 0.00284601 0.00286848 0.00288648 0.00289776 0.00290204 0.00290272 0.00290301 0.00290312  1.15396e+007 8.50634e+006 8.79058e+006 5.33512e+006 1.34093e+006 883579 723939 741824 668589 1.92634e+006 1.0971e+006 828177 742454 732692 653125 484530 425444 410930 365577 277773 250020 246007 225359 178414 163940 160749 148256 959027
92382.3 92382.3 2.08512e-010 7.94805e-009 7.27662e-007 1.22211e-005 0.000136152 0.00113426 0.00584825 0.0168987 0.0262929 0.0232375 0.0145873 0.00835672 0.00506177 0.00347582 0.00275138 0.00241376 0.00225756 0.00219406 0.00217872 0.00218667 0.00220346 0.00222087 0.00223481 0.00224355 0.00224686 0.00224739 0.00224761 0.0022477  4.10434e+006 8.64659e+006 6.53138e+006 6.90771e+006 4.29455e+006 1.10767e+006 747348 609598 615611 545421 1.57417e+006 904312 680433 606338 594679 528181 391949 345313 335388 300590 230225 208512 205939 189201 150171 138138 135413 933806
71154.8 71154.8 1.71451e-010 6.53577e-009 5.98363e-007 1.00489e-005 0.000111956 0.000932868 0.00481243 0.0139198 0.0216749 0.0191479 0.0120082 0.00687417 0.0041622 0.00285769 0.00226203 0.00198452 0.00185618 0.00180405 0.00179152 0.00179811 0.00181196 0.00182631 0.0018378 0.001845 0.00184772 0.00184816 0.00184834 0.00184842  2.64573e+006 3.35887e+006 7.24874e+006 5.60856e+006 6.07527e+006 3.86797e+006 1.02069e+006 685103 552232 551964 490414 1.42201e+006 812345 606867 537337 524978 466094 346980 307530 300905 271646 209319 190412 188607 173570 137891 126903 982526
62725.5 62725.5 1.20842e-010 4.60647e-009 4.21732e-007 7.08267e-006 7.89103e-005 0.000657589 0.0033943 0.00983167 0.015328 0.0135365 0.00848058 0.00485133 0.0029363 0.0020156 0.00159529 0.00139948 0.00130892 0.00127211 0.00126325 0.00126788 0.00127764 0.00128775 0.00129585 0.00130092 0.00130284 0.00130315 0.00130328 0.00130333  2.18531e+006 2.18674e+006 2.81748e+006 6.26548e+006 4.99753e+006 5.43267e+006 3.55374e+006 980141 669087 561532 574115 465626 1.27538e+006 745450 558294 493682 479112 426870 323935 290156 283117 257278 202486 185383 181421 167154 135445 1.09418e+006
303675 303675 4.1922e-010 1.59799e-008 1.46299e-006 2.45706e-005 0.000273725 0.00227934 0.0117247 0.0336858 0.0521563 0.0461721 0.0291181 0.0167365 0.0101554 0.00697933 0.00552666 0.0048492 0.00453566 0.00440813 0.00437729 0.00439321 0.00442687 0.00446179 0.00448977 0.00450729 0.00451394 0.00451501 0.00451545 0.00451563  2.85957e+006 1.72125e+006 1.76456e+006 2.32878e+006 5.30355e+006 4.33256e+006 4.82156e+006 3.14478e+006 861341 584355 491046 502345 403964 1.09689e+006 636596 474808 419659 408573 366218 279979 252618 247994 226357 178670 163857 160503 147952 1.08867e+006
174163 174163 1.7847e-010 6.80195e-009 6.22738e-007 1.04602e-005 0.000116528 0.000970581 0.00500454 0.0144718 0.0225353 0.019915 0.012495 0.0071553 0.00433316 0.00297516 0.00235491 0.00206583 0.00193207 0.00187764 0.00186445 0.0018712 0.00188552 0.00190038 0.00191229 0.00191975 0.00192258 0.00192304 0.00192323 0.0019233  1.56197e+006 2.14326e+006 1.32219e+006 1.38814e+006 1.87582e+006 4.37579e+006 3.65403e+006 4.0226e+006 2.5635e+006 689818 471469 402525 412700 329220 887696 514329 383803 340388 333238 300906 231883 210518 207443 189893 150270 137961 135101 1.04215e+006
123381 123381 9.89994e-011 3.77418e-009 3.45535e-007 5.8026e-006 6.46483e-005 0.000538784 0.00278174 0.00806159 0.0125729 0.0110994 0.00694916 0.00397338 0.00240425 0.00165019 0.00130606 0.00114579 0.0010717 0.00104163 0.00103442 0.00103825 0.00104627 0.00105457 0.00106121 0.00106537 0.00106695 0.0010672 0.00106731 0.00106735  1.12405e+006 1.27787e+006 1.79567e+006 1.1347e+006 1.22045e+006 1.68873e+006 4.02874e+006 3.34715e+006 3.64695e+006 2.30413e+006 621674 426416 361744 368081 291689 783369 453658 339579 302950 298763 271721 210653 192079 189817 174049 137859 126627 1.08083e+006
77430 77430 5.65722e-011 2.15653e-009 1.97435e-007 3.31576e-006 3.69426e-005 0.000307905 0.00159051 0.00461505 0.0072059 0.00636047 0.00397925 0.00227406 0.00137566 0.000944072 0.000747121 0.000655382 0.000612957 0.000595719 0.000591566 0.000593739 0.00059831 0.000603046 0.00060684 0.000609216 0.000610117 0.000610261 0.000610321 0.000610345  855492 943664 1.07934e+006 1.55301e+006 1.01577e+006 1.11453e+006 1.57e+006 3.7664e+006 3.11203e+006 3.30115e+006 2.10316e+006 603261 420597 367196 380553 271730 691310 415805 317295 286012 281157 257327 203705 186922 182541 167603 135425 1.19298e+006
224195 224195 1.83747e-010 7.00421e-009 6.41249e-007 1.07696e-005 0.000119985 0.000999712 0.0051565 0.0149105 0.0232131 0.020512 0.0128698 0.00737022 0.00446343 0.00306466 0.00242579 0.00212805 0.0019903 0.00193429 0.00192076 0.00192777 0.00194257 0.00195792 0.00197021 0.00197791 0.00198084 0.0019813 0.0019815 0.00198158  828335 673804 761465 892107 1.31455e+006 880625 989490 1.39188e+006 3.32785e+006 2.74107e+006 2.90836e+006 1.84874e+006 524723 362279 313884 323888 231136 589882 356933 274399 249156 246423 226536 179855 165317 161592 148440 1.17683e+006
118691 118691 1.32786e-010 5.06072e-009 4.63324e-007 7.78257e-006 8.66998e-005 0.000722205 0.00372576 0.0107874 0.0168162 0.0148556 0.00931123 0.00532819 0.00322545 0.00221422 0.00175248 0.00153732 0.00143776 0.00139726 0.00138744 0.00139247 0.00140313 0.00141419 0.00142306 0.00142861 0.00143072 0.00143105 0.0014312 0.00143125  962396 621394 518597 600260 719194 1.08467e+006 743921 832030 1.15817e+006 2.74507e+006 2.26613e+006 2.41079e+006 1.52355e+006 430494 295579 255428 263766 187992 481454 293952 227790 208118 206610 190488 151619 139515 136337 1.11957e+006
52037.2 52037.2 7.65334e-011 2.91751e-009 2.67104e-007 4.48575e-006 4.99777e-005 0.000416532 0.00215114 0.00623832 0.00973567 0.00859464 0.00537938 0.00307521 0.00186061 0.00127696 0.00101059 0.00088651 0.000829128 0.000805812 0.000800197 0.000803136 0.000809319 0.000815726 0.000820859 0.000824072 0.00082529 0.000825486 0.000825567 0.0008256  1.36566e+006 787343 520600 445045 527739 647469 998842 682284 757187 1.04724e+006 2.48696e+006 2.05616e+006 2.17025e+006 1.3601e+006 381640 260955 225384 233458 167376 431800 265538 207012 189960 189126 174661 139149 128102 1.15348e+006
36097.7 36097.7 6.47507e-011 2.4682e-009 2.25968e-007 3.7951e-006 4.22831e-005 0.000352398 0.00182015 0.00528035 0.00824371 0.00727787 0.00455469 0.00260359 0.00157522 0.00108106 0.000855513 0.000750432 0.000701821 0.000682055 0.000677278 0.000679748 0.000684968 0.000690382 0.00069472 0.000697436 0.000698466 0.000698632 0.000698701 0.000698728  6.82391e+006 1.1196e+006 662199 460212 420341 509347 614292 932670 640468 704541 973053 2.33142e+006 1.89716e+006 1.93727e+006 1.21882e+006 365011 255260 227564 243901 159781 392291 252098 200665 185238 182164 168399 136805 1.26924e+006
138575 138575 3.07734e-010 1.17302e-008 1.07392e-006 1.80364e-005 0.000200938 0.00167366 0.00862009 0.0248415 0.0385631 0.0341098 0.0214599 0.0123136 0.00746488 0.00512802 0.00405987 0.00356188 0.00333142 0.00323768 0.00321501 0.0032267 0.00325144 0.00327709 0.00329765 0.00331052 0.00331541 0.00331619 0.00331652 0.00331665  2.1944e+007 5.37512e+006 903435 547330 389579 364443 452189 544469 823543 563624 620395 855481 2.02929e+006 1.63568e+006 1.65773e+006 1.03837e+006 310764 217985 195486 211067 139275 344022 222052 177263 163912 161340 149221 1.24625e+006
92733.6 92733.6 2.70561e-010 1.03116e-008 9.44054e-007 1.58576e-005 0.000176648 0.00147094 0.00757597 0.0218522 0.0339548 0.030028 0.0188776 0.0108257 0.00656078 0.00450629 0.00356743 0.00312976 0.0029272 0.00284479 0.00282481 0.00283502 0.0028567 0.0028792 0.00289724 0.00290854 0.00291282 0.00291351 0.0029138 0.00291391  4.30889e+006 1.64338e+007 4.12411e+006 710524 441234 321867 308694 380148 448912 668150 459509 510306 702063 1.65708e+006 1.32759e+006 1.33933e+006 839234 252811 178560 161473 175817 116230 287608 186500 149259 138164 135959 1.17748e+006
28122 28122 9.88493e-011 3.76823e-009 3.4499e-007 5.79372e-006 6.45499e-005 0.000537954 0.00277749 0.00804972 0.0125558 0.0110859 0.00694179 0.00396966 0.00240218 0.0016488 0.00130492 0.00114474 0.00107066 0.00104056 0.00103332 0.00103712 0.00104511 0.00105338 0.00106001 0.00106416 0.00106574 0.00106599 0.00106609 0.00106613  3.70764e+007 3.52492e+006 1.37672e+007 3.53894e+006 624644 397164 296129 281923 341845 398454 595500 412680 456699 624508 1.46539e+006 1.16974e+006 1.17969e+006 741546 224713 159880 145622 159512 105909 262822 170712 136749 126645 1.20426e+006
22348.8 22348.8 8.53481e-011 3.25338e-009 2.97853e-007 5.00235e-006 5.5733e-005 0.000464468 0.00239839 0.00695379 0.0108507 0.00958058 0.00599819 0.00342969 0.00207532 0.00142439 0.00112726 0.000988835 0.000924803 0.000898773 0.000892489 0.000895751 0.000902634 0.00090977 0.000915488 0.000919068 0.000920427 0.000920645 0.000920735 0.000920772  3.26568e+006 2.99642e+007 2.9322e+006 1.16922e+007 3.087e+006 567650 376499 285122 287572 346348 382329 555701 384650 418788 568805 1.34403e+006 1.05989e+006 1.04567e+006 671169 220758 161462 151089 170884 103826 243176 164698 134519 1.31859e+006
152582 152582 6.24027e-010 2.3787e-008 2.17774e-006 3.65743e-005 0.00040742 0.00339086 0.0174001 0.0497119 0.0766024 0.067915 0.0430152 0.0248007 0.0150732 0.0103674 0.00821266 0.00720733 0.00674198 0.00655275 0.00650706 0.00653077 0.00658082 0.0066327 0.00667427 0.0067003 0.00671017 0.00671176 0.00671242 0.00671269  2.1344e+006 2.57217e+006 2.41779e+007 2.42347e+006 9.89713e+006 2.67627e+006 503855 333470 251286 252328 304163 335502 483052 331297 358049 484219 1.14347e+006 904527 897714 580469 192315 141514 133007 150870 91821.6 215258 145860 1.28725e+006
108244 108244 3.63871e-010 1.38684e-008 1.2697e-006 2.13267e-005 0.000237562 0.0019777 0.0101746 0.0292709 0.0453782 0.0401527 0.0252889 0.0145211 0.00880629 0.00605072 0.00479105 0.00420382 0.00393213 0.00382167 0.003795 0.00380884 0.00383804 0.00386831 0.00389257 0.00390776 0.00391352 0.00391445 0.00391483 0.00391499  3.3906e+006 1.6006e+006 1.9749e+006 1.89979e+007 1.95116e+006 8.15499e+006 2.25202e+006 418130 267664 195802 199120 245520 272099 390984 267398 288203 389941 924517 735294 734360 478673 160109 118426 111706 127063 77103.7 180349 1.20453e+006
87735.6 87735.6 1.56767e-010 5.97633e-009 5.47146e-007 9.18842e-006 0.000102369 0.000853028 0.00440124 0.012735 0.0198353 0.0175191 0.0109825 0.00628525 0.003805 0.00261223 0.0020677 0.00181404 0.00169677 0.00164915 0.00163772 0.00164378 0.00165646 0.00166959 0.00168011 0.00168669 0.00168919 0.00168959 0.00168975 0.00168982  2.60152e+006 2.77304e+006 1.3407e+006 1.69446e+006 1.6698e+007 1.75574e+006 7.49709e+006 2.05044e+006 372854 234486 172437 177367 218507 241025 344546 234876 253136 343649 819726 656801 660736 433289 145563 107978 102021 116153 70517.5 1.26693e+006
121224 121224 1.15868e-010 4.41693e-009 4.04379e-007 6.79112e-006 7.56618e-005 0.000630523 0.00325472 0.00942841 0.0147003 0.0129805 0.00813043 0.00465017 0.00281427 0.0019318 0.001529 0.00134137 0.00125462 0.00121938 0.00121091 0.00121538 0.00122475 0.00123445 0.00124222 0.00124709 0.00124893 0.00124923 0.00124935 0.0012494  3.24635e+006 2.15347e+006 2.34327e+006 1.17793e+006 1.50429e+006 1.48672e+007 1.6179e+006 6.81751e+006 1.85486e+006 342772 224967 167835 185320 224393 229840 314617 215640 231160 316801 770591 611742 602651 404384 147402 111498 107037 125086 1.31856e+006
252089 252089 1.65596e-010 6.3125e-009 5.77924e-007 9.70583e-006 0.000108132 0.000900952 0.00464767 0.0134449 0.0209385 0.0184969 0.0115992 0.00663979 0.00402015 0.00276006 0.00218468 0.00191661 0.00179264 0.00174227 0.00173014 0.0017365 0.00174986 0.00176371 0.0017748 0.00178174 0.00178438 0.0017848 0.00178498 0.00178505  6.29158e+006 2.55673e+006 1.73761e+006 1.93671e+006 996991 1.304e+006 1.31937e+007 1.43171e+006 5.99248e+006 1.62054e+006 299778 196774 145501 159236 191439 195289 267216 183750 198176 273634 670485 535536 529922 356623 130214 98588 94688.6 1.27745e+006
396956 396956 2.21803e-010 8.45448e-009 7.74031e-007 1.30001e-005 0.000144824 0.00120629 0.00621741 0.0179571 0.0279295 0.0246844 0.0154982 0.00887937 0.00537855 0.00369348 0.00292383 0.0025652 0.00239932 0.00233192 0.00231568 0.00232416 0.00234203 0.00236054 0.00237537 0.00238466 0.00238818 0.00238874 0.00238898 0.00238907  5.88652e+006 4.71827e+006 1.96276e+006 1.36677e+006 1.56046e+006 823173 1.10074e+006 1.10801e+007 1.19183e+006 4.94331e+006 1.33964e+006 248759 162543 119246 130067 155687 158307 216858 150047 162966 226726 559222 448242 444296 299792 109962 83353.8 1.15843e+006
51104.8 51104.8 2.65966e-011 1.01391e-009 9.28259e-008 1.55888e-006 1.73684e-005 0.000144774 0.000748103 0.00217242 0.00339413 0.00299493 0.00187232 0.00106944 0.000646752 0.000443784 0.000351186 0.000308064 0.000288127 0.00028003 0.000278084 0.00027911 0.000281263 0.000283493 0.000285278 0.000286396 0.00028682 0.000286888 0.000286916 0.000286927  1.15686e+007 4.8154e+006 3.95369e+006 1.6847e+006 1.20159e+006 1.40476e+006 757882 1.00746e+006 1.00121e+007 1.06513e+006 4.43045e+006 1.20667e+006 222859 144589 105406 114542 137067 139833 192716 134338 146971 205718 509644 409690 406770 274724 100816 1.13881e+006
32564.4 32564.4 2.0951e-011 7.98632e-010 7.31164e-008 1.22796e-006 1.36815e-005 0.000114038 0.000589311 0.00171166 0.00267495 0.00236067 0.00147591 0.000843072 0.00050988 0.000349866 0.000276851 0.00024284 0.000227109 0.000220714 0.00021917 0.000219971 0.000221662 0.000223415 0.000224819 0.000225699 0.000226032 0.000226086 0.000226108 0.000226117  9.46713e+006 9.37692e+006 4.03278e+006 3.49403e+006 1.49661e+006 1.10117e+006 1.32588e+006 724494 939605 9.1022e+006 985947 4.01924e+006 1.08735e+006 204987 139808 101766 119467 142106 136577 180993 127518 138994 196570 494489 390043 376596 260150 1.25121e+006
78997.1 78997.1 7.51974e-011 2.86634e-009 2.6242e-007 4.40739e-006 4.91038e-005 0.000409208 0.00211315 0.00612844 0.00956547 0.00844549 0.00528657 0.0030224 0.00182874 0.0012551 0.000993268 0.000871279 0.000814848 0.000791902 0.000786356 0.000789223 0.000795282 0.000801566 0.000806601 0.000809754 0.000810951 0.000811143 0.000811223 0.000811255  3.05469e+006 7.45681e+006 7.56638e+006 3.33318e+006 2.95767e+006 1.29757e+006 977813 1.17665e+006 642079 831613 8.05492e+006 869378 3.50367e+006 938181 175476 119138 86658.1 102041 122098 118215 157800 111855 122459 173689 437672 345546 333794 1.33994e+006
92084.1 92084.1 1.26734e-010 4.83021e-009 4.42219e-007 7.42794e-006 8.27499e-005 0.000689339 0.00355661 0.0102994 0.0160575 0.0141846 0.00888962 0.00508657 0.00307904 0.00211365 0.00167285 0.00146744 0.0013724 0.00133373 0.00132437 0.00132916 0.00133934 0.0013499 0.00135836 0.00136367 0.00136568 0.001366 0.00136614 0.00136619  1.48683e+006 2.30107e+006 5.72076e+006 5.94556e+006 2.68408e+006 2.4421e+006 1.09599e+006 824512 988406 537590 695859 6.7247e+006 719563 2.87009e+006 763007 142314 96872.4 70660.2 83963.3 101169 98406.5 131850 93874.2 103023 146423 369492 291554 1.4146e+006
41157.8 41157.8 6.34872e-011 2.42012e-009 2.21566e-007 3.72106e-006 4.14583e-005 0.000345536 0.00178476 0.00517778 0.00808336 0.00713561 0.00446508 0.00255209 0.00154397 0.00105961 0.000838552 0.000735578 0.000687953 0.000668597 0.00066393 0.000666364 0.00067149 0.000676803 0.00068106 0.000683725 0.000684736 0.000684898 0.000684965 0.000684992  1.51318e+006 1.21642e+006 1.92797e+006 4.90976e+006 5.22745e+006 2.41654e+006 2.24923e+006 1.00557e+006 750902 894630 487474 631795 6.05681e+006 642636 2.54529e+006 673841 125611 85764.8 62927.8 75323.8 91414 89454 120379 85953.6 94489 134417 339359 1.56743e+006
37882 37882 5.27976e-011 2.01256e-009 1.84254e-007 3.09452e-006 3.44777e-005 0.000287355 0.0014844 0.00430776 0.00672723 0.00593856 0.00371558 0.00212355 0.00128467 0.000881617 0.000697664 0.000611963 0.000572318 0.000556197 0.0005523 0.000554314 0.00055857 0.000562984 0.000566522 0.000568737 0.000569577 0.000569712 0.000569768 0.000569791  1.93259e+006 1.27092e+006 1.04478e+006 1.86713e+006 4.29159e+006 4.67368e+006 2.24064e+006 2.14069e+006 936771 703283 850595 468431 581474 5.37231e+006 580271 2.23611e+006 595104 115418 85035.7 62543.5 80935.6 98018.5 90825.8 116568 83444.5 90842.3 130331 1.87653e+006
105178 105178 1.24764e-010 4.75569e-009 4.35394e-007 7.31251e-006 8.14694e-005 0.000678847 0.00350357 0.0101471 0.0158194 0.0139725 0.00875574 0.00500964 0.00303239 0.0020816 0.00164748 0.0014452 0.00135162 0.00131357 0.00130437 0.00130912 0.00131917 0.00132959 0.00133794 0.00134317 0.00134516 0.00134547 0.00134561 0.00134566  2.31067e+006 1.5223e+006 1.02554e+006 863551 1.58058e+006 3.72095e+006 4.14953e+006 1.98668e+006 1.89218e+006 825710 620183 748519 407962 501525 4.59845e+006 494481 1.9042e+006 508307 99167.6 73601.9 54527 70990 86352.3 80248 103166 73919.3 80511.3 1.77912e+006
147404 147404 1.55113e-010 5.91202e-009 5.41262e-007 9.09128e-006 0.00010128 0.00084368 0.00435166 0.0125919 0.0196177 0.0173322 0.0108683 0.00622122 0.00376666 0.00258595 0.00204678 0.00179553 0.00167928 0.001632 0.00162057 0.00162646 0.00163892 0.00165185 0.00166222 0.00166871 0.00167117 0.00167156 0.00167173 0.0016718  1.29731e+006 1.7341e+006 1.16937e+006 807538 696756 1.30962e+006 3.13957e+006 3.48989e+006 1.66014e+006 1.57311e+006 687026 516772 619240 334812 407968 3.72025e+006 400376 1.54463e+006 414898 81688.2 61290.9 45656.5 59867.6 73009.7 67811.4 87050.9 62397.4 1.57087e+006
61560.1 61560.1 5.71599e-011 2.17895e-009 1.99488e-007 3.35023e-006 3.73266e-005 0.000311105 0.00160703 0.00466291 0.00728048 0.00642639 0.00402067 0.00229783 0.00139006 0.000953951 0.000754929 0.000662223 0.000619349 0.000601927 0.000597729 0.000599922 0.000604539 0.000609324 0.000613157 0.000615557 0.000616467 0.000616613 0.000616674 0.000616698  1.19091e+006 1.06136e+006 1.45303e+006 1.00366e+006 710006 627306 1.20613e+006 2.87873e+006 3.17122e+006 1.4971e+006 1.42167e+006 622384 464783 552480 296686 360050 3.28167e+006 354279 1.37493e+006 372037 73780 55691.9 41667.4 54794.7 66935.5 62226.9 79920.3 1.49989e+006
46134.2 46134.2 4.43399e-011 1.6902e-009 1.54742e-007 2.59882e-006 2.89549e-005 0.000241333 0.0012468 0.00361902 0.00565257 0.0049893 0.00312091 0.00178337 0.00107876 0.000740285 0.000585819 0.000513862 0.00048058 0.00046705 0.000463784 0.00046548 0.000469058 0.000472767 0.00047574 0.0004776 0.000478307 0.00047842 0.000478467 0.000478486  1.86477e+006 983474 903297 1.3044e+006 906523 666437 608355 1.23802e+006 2.63097e+006 2.88659e+006 1.38765e+006 1.35106e+006 574626 429044 517255 279617 325512 2.88627e+006 323728 1.22888e+006 337265 70163.7 57525.5 42689.7 59775.1 72582.8 64196.8 1.56057e+006
94367.5 94367.5 1.17009e-010 4.46021e-009 4.08341e-007 6.85801e-006 7.64062e-005 0.000636689 0.00328637 0.00951997 0.0148439 0.0131095 0.00821316 0.00469846 0.00284378 0.00195206 0.00154495 0.00135527 0.00126753 0.00123186 0.00122325 0.00122772 0.00123715 0.00124693 0.00125477 0.00125967 0.00126154 0.00126183 0.00126196 0.00126201  2.95935e+006 1.4688e+006 793592 746606 1.10417e+006 785957 591718 539535 1.09505e+006 2.32142e+006 2.54749e+006 1.22148e+006 1.17657e+006 495489 367116 440627 238034 277953 2.47924e+006 280133 1.07114e+006 295761 61801.1 50816.8 37775.1 52942.4 64316.9 1.44014e+006
94438.8 94438.8 1.70714e-010 6.50688e-009 5.95722e-007 1.00057e-005 0.000111468 0.000928577 0.00478905 0.0138518 0.0215717 0.0190599 0.0119552 0.00684477 0.00414465 0.00284562 0.00225238 0.00197594 0.00184806 0.00179606 0.00178349 0.00178999 0.00180373 0.00181797 0.00182938 0.00183653 0.00183924 0.00183967 0.00183986 0.00183993  3.91022e+006 2.2188e+006 1.12794e+006 624516 601794 913151 664539 499122 452436 914132 1.93129e+006 2.1206e+006 1.00918e+006 964698 403050 297511 357334 193734 227096 2.03769e+006 232306 892291 247547 51981.3 42980.1 31954.7 44909.8 1.27144e+006
14351.2 14351.2 3.24004e-011 1.23507e-009 1.13073e-007 1.89903e-006 2.1158e-005 0.000176345 0.00091113 0.0026455 0.00413317 0.00364781 0.00228115 0.00130324 0.000788246 0.000540896 0.000428027 0.000375451 0.000351134 0.00034125 0.000338865 0.000340104 0.000342719 0.00034543 0.000347601 0.000348961 0.000349477 0.00034956 0.000349594 0.000349608  4.27874e+006 3.19926e+006 1.85944e+006 968242 549128 541862 841126 609298 453140 407302 824823 1.74784e+006 1.90616e+006 900072 854650 355653 262410 316172 172444 203636 1.84046e+006 211092 814368 226583 47659.3 39442.8 29338.9 1.20893e+006
12149.7 12149.7 2.91602e-011 1.11156e-009 1.01766e-007 1.70912e-006 1.90423e-005 0.000158718 0.000820124 0.00238152 0.00372104 0.00328401 0.00205352 0.00117314 0.000709543 0.000486885 0.000385284 0.000337957 0.000316067 0.000307169 0.000305021 0.000306137 0.000308491 0.000310931 0.000312886 0.00031411 0.000314574 0.000314649 0.00031468 0.000314692  2.60848e+007 3.48425e+006 2.86021e+006 1.62879e+006 864887 507301 514942 832172 586090 440195 403320 839449 1.57805e+006 1.70244e+006 815708 790804 322870 241450 300889 166982 189447 1.66496e+006 199409 744432 209140 46128.9 41474 1.2426e+006
32381.3 32381.3 8.65517e-011 3.29929e-009 3.02057e-007 5.0729e-006 5.6519e-005 0.000471021 0.00243219 0.0070515 0.0110027 0.00971461 0.00608211 0.00347767 0.00210435 0.00144432 0.00114304 0.00100268 0.000937764 0.000911376 0.000905009 0.000908321 0.000915303 0.000922542 0.000928342 0.000931973 0.000933351 0.000933572 0.000933664 0.000933701  3.8375e+006 2.05456e+007 2.81148e+006 2.36402e+006 1.37874e+006 749853 450448 456869 736981 518147 389150 355386 731415 1.36107e+006 1.45691e+006 694928 673251 275716 207415 260389 145559 166148 1.46664e+006 176169 658786 185250 40879.2 1.13825e+006
34222.9 34222.9 1.07754e-010 4.10742e-009 3.76044e-007 6.31563e-006 7.03625e-005 0.000586313 0.00302647 0.00876903 0.0136757 0.0120766 0.0075642 0.00432642 0.00261834 0.00179723 0.00142241 0.00124778 0.00116701 0.00113418 0.00112627 0.00113039 0.00113908 0.00114808 0.0011553 0.00115982 0.00116153 0.00116181 0.00116192 0.00116197  3.08313e+006 2.88918e+006 1.57603e+007 2.21038e+006 1.90879e+006 1.1382e+006 633683 380139 383626 617437 433814 325710 295009 601791 1.10653e+006 1.17936e+006 562863 547550 225397 170900 216428 121775 139286 1.23114e+006 148422 554537 156070 997394
25733.4 25733.4 8.10818e-011 3.09097e-009 2.82986e-007 4.75236e-006 5.29468e-005 0.000441252 0.00227849 0.00660629 0.0103078 0.0090985 0.00569402 0.00325465 0.00196903 0.00135139 0.00106956 0.000938317 0.00087765 0.000853025 0.000847122 0.000850263 0.00085683 0.000863627 0.000869069 0.000872475 0.000873767 0.000873974 0.00087406 0.000874094  5.88549e+006 2.52286e+006 2.42188e+006 1.35324e+007 1.94382e+006 1.71909e+006 1.04925e+006 582487 347231 348481 561517 394569 293637 263602 533857 977506 1.0413e+006 498538 487886 202328 154527 196885 111268 127638 1.1301e+006 136367 509741 1.06057e+006
24238.1 24238.1 6.25878e-011 2.3859e-009 2.18435e-007 3.66837e-006 4.08706e-005 0.00034063 0.00175934 0.00510385 0.00796744 0.00703231 0.00439965 0.00251431 0.00152098 0.00104381 0.000826082 0.000724679 0.000677795 0.000658756 0.000654181 0.000656596 0.000661659 0.000666903 0.000671103 0.000673731 0.000674728 0.000674888 0.000674955 0.000674981  2.51116e+006 4.85394e+006 2.22576e+006 2.31701e+006 1.17565e+007 1.7536e+006 1.68961e+006 991778 545997 329998 332306 562223 378338 280971 256634 521398 861582 920448 455464 459808 188611 146556 193738 110816 120869 1.03166e+006 130321 1.5238e+006
87782.6 87782.6 1.74484e-010 6.65147e-009 6.08959e-007 1.02268e-005 0.000113935 0.000949266 0.00489622 0.0141599 0.022046 0.019475 0.0122138 0.00699207 0.00423356 0.00290663 0.00230078 0.00201854 0.00188803 0.00183503 0.0018223 0.00182902 0.00184312 0.00185772 0.00186941 0.00187673 0.0018795 0.00187995 0.00188013 0.00188021  2.72834e+006 1.97747e+006 3.91622e+006 1.83942e+006 1.96091e+006 1.01903e+007 1.55642e+006 1.49714e+006 875458 480247 290301 291686 488319 325401 239830 218120 442932 734283 789226 393461 400137 165142 128891 170886 97911.6 106893 912803 1.46396e+006
130947 130947 1.86067e-010 7.09248e-009 6.4934e-007 1.09058e-005 0.00012149 0.00101196 0.00521741 0.0150825 0.0234762 0.0207404 0.0130101 0.00744888 0.0045104 0.00309682 0.00245141 0.00215077 0.00201176 0.00195531 0.00194175 0.00194891 0.00196393 0.00197947 0.00199192 0.00199972 0.00200267 0.00200315 0.00200334 0.00200342  1.47434e+006 2.04722e+006 1.51763e+006 3.07904e+006 1.48407e+006 1.62294e+006 8.59104e+006 1.30746e+006 1.24826e+006 722353 396955 240872 240305 400112 264386 194159 176776 360006 597837 647396 325568 333432 138111 108164 143883 82550.3 89938.7 2.00018e+006
49694.8 49694.8 4.53267e-011 1.72807e-009 1.58209e-007 2.65674e-006 2.95998e-005 0.000246725 0.00127464 0.00369928 0.00577633 0.00509671 0.00318694 0.00182055 0.00110105 0.000755553 0.000597946 0.000524566 0.000490655 0.000476897 0.000473606 0.000475372 0.00047905 0.000482856 0.000485903 0.00048781 0.000488532 0.000488648 0.000488696 0.000488716  1.10259e+006 1.20569e+006 1.71502e+006 1.3023e+006 2.70617e+006 1.33556e+006 1.49381e+006 7.86589e+006 1.18403e+006 1.11973e+006 649312 357942 215732 213542 353197 232495 170700 155941 319529 534614 583192 295077 303545 126099 98923.8 131714 75604.5 1.91479e+006
38188 38188 2.76872e-011 1.05552e-009 9.66357e-008 1.62282e-006 1.80806e-005 0.000150711 0.000778766 0.00226132 0.00353271 0.00311694 0.00194844 0.00111283 0.000672964 0.000461769 0.000365427 0.000320568 0.000299833 0.000291416 0.000289399 0.000290472 0.000292716 0.000295039 0.000296899 0.000298064 0.000298505 0.000298576 0.000298605 0.000298617  769597 938259 1.23968e+006 1.54026e+006 1.15103e+006 2.45649e+006 1.29786e+006 1.50664e+006 7.14599e+006 1.09443e+006 1.09958e+006 614792 333927 204001 200336 348012 221023 163559 154726 316673 484000 531156 278530 293730 120017 95344.2 131630 1.89991e+006
119039 119039 9.79884e-011 3.73554e-009 3.41998e-007 5.74333e-006 6.39874e-005 0.000533257 0.00275312 0.00797884 0.0124445 0.0109862 0.0068784 0.00393294 0.00237979 0.0016334 0.00129276 0.00113412 0.00106077 0.00103099 0.00102385 0.00102764 0.00103557 0.00104378 0.00105035 0.00105447 0.00105603 0.00105628 0.00105638 0.00105642  575643 605995 757037 1.02455e+006 1.30349e+006 997683 2.18088e+006 1.15138e+006 1.33404e+006 6.31447e+006 966500 967265 534488 287289 174128 170249 295598 188346 140231 133659 275579 423791 467159 245693 259546 106148 84366.8 1.79814e+006
80091.3 80091.3 8.88462e-011 3.38681e-009 3.10072e-007 5.20746e-006 5.80155e-005 0.00048344 0.00249584 0.00723483 0.011287 0.00996423 0.00623754 0.00356608 0.00215767 0.00148089 0.00117204 0.00102819 0.000961685 0.000934676 0.000928185 0.000931609 0.00093879 0.000946227 0.000952183 0.000955911 0.000957325 0.000957551 0.000957646 0.000957684  558497 440791 466873 596263 831291 1.07698e+006 842450 1.83679e+006 966156 1.11479e+006 5.25781e+006 805101 800175 437500 233412 141066 137838 240722 154057 115586 111149 230350 354306 391713 206684 218728 89424.9 1.58673e+006
42316.6 42316.6 5.6638e-011 2.15924e-009 1.97684e-007 3.31957e-006 3.6985e-005 0.000308277 0.00159242 0.00462016 0.00721209 0.00636298 0.00397818 0.00227208 0.00137406 0.000942984 0.000746394 0.000654897 0.000612637 0.000595515 0.000591447 0.000593681 0.000598295 0.000603061 0.000606874 0.00060926 0.000610164 0.000610308 0.000610368 0.000610392  445553 456883 369430 400805 524233 748480 992601 774465 1.67948e+006 879150 1.01496e+006 4.78196e+006 725152 713979 387491 205865 124363 121912 214207 138117 104389 100997 210240 324322 359174 189691 200841 1.53951e+006
33202.9 33202.9 5.2142e-011 1.98775e-009 1.81983e-007 3.05591e-006 3.40479e-005 0.000283796 0.00146603 0.004254 0.00664112 0.00585818 0.00366095 0.00209002 0.00126375 0.000867311 0.000686577 0.000602489 0.000563671 0.000547963 0.000544252 0.000546331 0.000550593 0.00055499 0.000558505 0.000560704 0.000561537 0.00056167 0.000561725 0.000561747  604587 366940 397874 478532 384441 494445 810035 962462 718736 1.54974e+006 851840 1.00574e+006 4.25996e+006 656458 678907 356613 188978 117816 115964 216798 135967 103644 103875 212589 298653 331069 181253 1.67717e+006
74407.5 74407.5 1.45773e-010 5.55703e-009 5.08759e-007 8.54398e-006 9.51885e-005 0.000793171 0.00409268 0.0118456 0.0184553 0.0162994 0.0102157 0.00584552 0.00353851 0.00242918 0.00192275 0.00168685 0.00157778 0.00153349 0.00152285 0.00152848 0.00154026 0.00155246 0.00156224 0.00156836 0.00157068 0.00157105 0.0015712 0.00157126  1.23039e+006 476105 296074 328834 404936 333202 438908 718092 850396 632861 1.36313e+006 745901 869605 3.64407e+006 557335 574235 301679 160476 100703 99899.7 188190 118771 90950.1 91427.3 187440 263571 292319 1.64135e+006
78379.8 78379.8 2.04603e-010 7.79925e-009 7.1404e-007 1.19901e-005 0.000133579 0.00111281 0.005737 0.0165756 0.0257799 0.0227553 0.0142529 0.00814796 0.00493077 0.00338629 0.00268227 0.00235495 0.00220409 0.00214328 0.00212918 0.0021376 0.00215446 0.00217178 0.0021856 0.00219424 0.00219751 0.00219803 0.00219824 0.00219833  924663 930816 366011 233209 265392 338343 282845 369833 602620 705456 524715 1.13143e+006 615677 712265 2.95243e+006 450394 465006 244819 131021 82955 82873.3 157471 99661.3 76547.5 77198.3 158203 221636 1.62922e+006
39295.6 39295.6 1.28863e-010 4.91303e-009 4.49799e-007 7.55205e-006 8.41405e-005 0.000701242 0.00361918 0.0104784 0.0163234 0.0143981 0.00900377 0.0051416 0.00310954 0.00213478 0.00169063 0.00148419 0.00138906 0.00135072 0.00134186 0.00134718 0.00135783 0.00136877 0.0013775 0.00138295 0.00138501 0.00138534 0.00138548 0.00138553  2.12872e+006 756376 780027 314175 204950 238849 311532 259025 334622 539222 631398 469688 1.0028e+006 540751 621751 2.57076e+006 392640 407252 215946 116525 74360.3 74770.3 142740 90616.3 69724.1 70383.6 144307 1.68874e+006
30571.2 30571.2 1.12858e-010 4.30257e-009 3.93911e-007 6.61477e-006 7.36959e-005 0.000614156 0.00317021 0.00918338 0.0143163 0.0126368 0.00791111 0.00452273 0.00273652 0.00187838 0.00148687 0.00130461 0.00122041 0.00118629 0.00117816 0.0011826 0.00119177 0.00120126 0.00120884 0.00121359 0.00121539 0.00121568 0.0012158 0.00121585  1.02918e+006 1.89977e+006 719990 823921 287742 193076 233870 375030 269721 320132 566838 607104 426000 893217 505244 588565 2.22415e+006 352822 389224 202889 110202 73019.9 73417.9 148396 91188 70267.1 73237.6 1.75678e+006
90427.9 90427.9 4.12678e-010 1.57324e-008 1.44035e-006 2.41867e-005 0.000269434 0.00224352 0.0115388 0.0331494 0.0513114 0.0453852 0.0285844 0.0164104 0.00995168 0.00683915 0.00541731 0.00475521 0.00444946 0.00432573 0.00429652 0.00431292 0.00434652 0.00438117 0.00440887 0.0044262 0.00443276 0.00443381 0.00443424 0.00443442  807587 810269 1.53264e+006 594974 697128 249340 171291 206888 329521 235494 279586 494595 524565 364649 759099 427723 498217 1.88945e+006 301634 335319 176102 96249 64062.8 64603.5 130805 80454 62025.5 1.61582e+006
89790.9 89790.9 5.33718e-010 2.03437e-008 1.86251e-006 3.12605e-005 0.000348231 0.0028984 0.0148782 0.0425795 0.0656334 0.057874 0.0362743 0.0207144 0.0125359 0.00862458 0.00684928 0.0060291 0.00565523 0.00550849 0.00547903 0.00550549 0.00555224 0.00559907 0.00563606 0.00565902 0.00566765 0.00566898 0.00566954 0.00566976  464779 619065 624196 1.20894e+006 481277 578463 210541 143263 168985 265516 190075 227047 402661 423640 292453 606940 343146 401483 1.52683e+006 246101 276311 145877 80092.4 53549.3 54072.5 109856 67495 1.40499e+006
78031.4 78031.4 5.10907e-010 1.94853e-008 1.78395e-006 2.99478e-005 0.000333593 0.00277769 0.014271 0.0408777 0.0630932 0.0558117 0.0352104 0.0202397 0.0122806 0.00844151 0.0066877 0.00587144 0.00549496 0.00534306 0.00530772 0.00532855 0.00537049 0.00541361 0.00544803 0.00546954 0.00547768 0.00547897 0.00547951 0.00547972  425854 379826 518226 535227 1.0603e+006 432186 530478 190359 125509 143733 225423 161620 190710 335166 351734 243500 508672 290232 343205 1.3194e+006 214739 242972 128983 71070.3 47614 48128.5 97826.6 1.31161e+006
64176.7 64176.7 3.51569e-010 1.3404e-008 1.22718e-006 2.06066e-005 0.000229552 0.00191173 0.00983927 0.0283125 0.0438844 0.0388007 0.024413 0.0140071 0.00849094 0.00583343 0.00461956 0.00405425 0.00379311 0.00368735 0.00366227 0.00367613 0.0037047 0.00373419 0.00375778 0.00377254 0.00377813 0.00377902 0.0037794 0.00377955  415084 355294 389724 684754 515782 1.03715e+006 443745 563299 180011 118038 136804 254021 171000 178938 339801 330913 217551 450222 275153 330736 1.16828e+006 199569 239422 124574 68754.1 47679.1 47869.7 1.37295e+006
174661 174661 8.62247e-010 3.28685e-008 3.00923e-006 5.05308e-005 0.000562775 0.00467952 0.0239318 0.0679012 0.103992 0.092233 0.0585785 0.0338229 0.0205752 0.0141658 0.0112339 0.00986895 0.00923964 0.00898613 0.00892765 0.0089631 0.00903375 0.00910625 0.00916409 0.00920022 0.00921389 0.00921606 0.00921697 0.00921733  235372 326613 286516 321927 579101 446622 918219 389411 484355 152007 100042 117036 216777 145116 151034 285955 278586 183856 382976 235882 285676 1.01544e+006 174245 209664 109279 60369 41884.4 1.24848e+006
282720 282720 1.41296e-009 5.38569e-008 4.93103e-006 8.27514e-005 0.000921195 0.00764245 0.0387668 0.108228 0.163344 0.144674 0.0920676 0.0531134 0.0323195 0.0223103 0.0177616 0.0156649 0.0147149 0.014348 0.0142815 0.0143571 0.0144833 0.0146081 0.014706 0.0147667 0.0147894 0.0147928 0.0147943 0.0147949  235425 187120 250778 225388 261066 482813 375989 756127 305723 364968 115435 78282.2 92475.9 172398 115253 119162 226895 221619 146995 308514 192101 234179 832897 143667 173576 90468.9 50004.9 1.06932e+006
164158 164158 8.25741e-010 3.15162e-008 2.88551e-006 4.84101e-005 0.00053914 0.00448686 0.0229645 0.0651727 0.0997272 0.0882566 0.0559366 0.0322531 0.0195997 0.0134858 0.0106942 0.00939775 0.00880243 0.00856485 0.00851259 0.00854925 0.00861883 0.00868958 0.00874579 0.00878082 0.00879403 0.0087961 0.00879697 0.00879731  1.16827e+006 191622 156009 214197 196858 233144 437433 327787 606696 227761 273933 89582.8 61290.6 72565.4 135882 91568.2 95684.8 184435 182479 122540 259957 163230 200161 714614 123529 149403 77907.4 964177
165619 165619 7.80662e-010 2.97747e-008 2.72601e-006 4.57581e-005 0.000509638 0.00424027 0.0217121 0.0617249 0.0946496 0.0838445 0.0531482 0.0306491 0.0186292 0.0128191 0.0101635 0.00892815 0.00835923 0.00813063 0.00807854 0.00811139 0.00817596 0.00824206 0.00829473 0.0083276 0.00834003 0.008342 0.00834282 0.00834315  4.24878e+006 986843 223602 317524 196078 184632 254453 517763 311560 556286 220607 283937 87229.4 61029.4 71000 146859 98136.3 89501.5 186876 175597 112037 234359 158889 195811 633838 115733 148017 1.01578e+006
244013 244013 1.41537e-009 5.39641e-008 4.94069e-006 8.29404e-005 0.000923497 0.00766787 0.0389509 0.108835 0.164485 0.146275 0.0937833 0.0544977 0.0332681 0.0229542 0.0182318 0.016036 0.0150272 0.0146246 0.0145362 0.0145986 0.0147167 0.0148367 0.0149321 0.0149916 0.015014 0.0150175 0.015019 0.0150196  1.13862e+006 3.33856e+006 795315 184596 268176 169497 162867 220177 428214 247469 445243 180995 234805 72128.8 50357.2 58549 121386 81551.3 74947.6 157842 149524 96038.1 201854 137280 169486 549151 100318 1.00906e+006
329167 329167 2.97205e-009 1.13293e-007 1.03728e-005 0.000173729 0.00193315 0.0159759 0.0794809 0.212556 0.308677 0.272932 0.175126 0.101077 0.0616534 0.042874 0.034468 0.0306921 0.0290643 0.0285166 0.0285142 0.0287581 0.0290752 0.0293683 0.0295913 0.0297268 0.0297763 0.0297832 0.0297861 0.0297872  1.15414e+007 852720 2.5553e+006 624808 150233 225055 141754 131539 164988 300074 175012 330522 137871 180614 55596.1 38979.6 45467.1 95229 64647.2 59523.8 126817 120688 77679.6 163592 111858 138203 445959 905163
118312 118312 1.59682e-009 6.10267e-008 5.58687e-006 9.31621e-005 0.0010383 0.00864819 0.0438479 0.121382 0.180127 0.154862 0.0938727 0.0517068 0.0308518 0.0213785 0.0172874 0.0155287 0.0148312 0.014657 0.0147393 0.0149291 0.0151403 0.0153252 0.015462 0.0155436 0.0155727 0.0155763 0.0155778 0.0155784  3.2948e+006 9.3594e+006 708451 2.17494e+006 541607 133045 200616 116811 91023.1 97290.3 177665 109230 208405 87589.5 117119 37121.4 26857.5 32271.8 69395.4 48169 45144.1 97456.5 93588 60581.4 127983 87627 108317 1.05922e+006
165383 165383 1.99225e-009 7.60778e-008 6.96542e-006 0.000116717 0.00129951 0.0107888 0.0544655 0.149666 0.222528 0.197407 0.126853 0.0737029 0.0450087 0.0311258 0.0248104 0.0219049 0.0205958 0.0200983 0.0200181 0.0201343 0.0203189 0.0204993 0.0206402 0.0207272 0.0207596 0.0207644 0.0207664 0.0207672  540058 2.68303e+006 7.74722e+006 644098 1.86583e+006 498485 158063 270524 99422 73118.2 96189.9 190974 85622.1 155998 70407.3 99085.4 30820 23720.2 28062.6 66810.9 48891 38027.5 90164.8 81647.5 48641.8 98967.9 75610.9 958799
245311 245311 2.90478e-009 1.108e-007 1.01441e-005 0.000170186 0.00189441 0.0156838 0.0783664 0.210503 0.307721 0.27604 0.181859 0.107741 0.0664717 0.0461331 0.036769 0.032413 0.0304199 0.0296352 0.029476 0.0296154 0.0298633 0.0301121 0.0303085 0.0304306 0.0304765 0.0304836 0.0304866 0.0304878  5.21465e+007 422759 2.15961e+006 6.38806e+006 541421 1.60416e+006 435435 131563 200481 66235.2 49246.6 68401.2 139081 62965.7 115668 52760.7 75212.8 23729.6 18530.9 22226.4 53543.5 39543.5 30956 73702.9 66896.5 39898.1 81216.6 849107
268034 268034 2.52936e-009 9.64417e-008 8.83143e-006 0.000148238 0.00164785 0.0135997 0.0678608 0.183561 0.270046 0.240997 0.157063 0.0922472 0.0566244 0.0392189 0.0312599 0.0275827 0.025915 0.0252701 0.0251518 0.0252828 0.0255024 0.0257198 0.0258905 0.0259962 0.0260358 0.0260418 0.0260443 0.0260453  1.41891e+007 3.89489e+007 326754 1.69609e+006 5.12442e+006 445446 1.32924e+006 337351 87709.2 116818 39268.2 32653 48937.9 102767 46918.8 86965.5 40137.9 57761.6 18423.3 14548.4 17549.8 42657.6 31771.2 24704.9 59132 53587.7 31842.2 743190
201365 201365 1.16116e-009 4.45769e-008 4.08221e-006 6.81617e-005 0.00075845 0.00631951 0.0321819 0.0900146 0.135263 0.11824 0.0742751 0.0424786 0.0256804 0.0176607 0.0140555 0.0124188 0.0116963 0.0114354 0.0114094 0.0114921 0.0116102 0.0117224 0.011809 0.011862 0.0118815 0.0118842 0.0118853 0.0118858  2.45754e+007 1.14396e+007 3.21887e+007 276747 1.46962e+006 4.527e+006 395006 1.09629e+006 239378 54592.3 74482 27266.2 23763.9 36358.7 77235.2 35635.1 66827.1 31238.5 45545.8 14707.7 11738.2 14277.1 34902.9 26091.5 20330.6 48712.3 44166.2 638947
348295 348295 1.17256e-009 4.47752e-008 4.09953e-006 6.87418e-005 0.000765448 0.00636594 0.0324456 0.0911693 0.138248 0.122414 0.0779354 0.0450612 0.0274248 0.0188946 0.0150032 0.0132008 0.0123776 0.0120536 0.0119874 0.0120444 0.0121461 0.0122483 0.0123291 0.0123793 0.0123981 0.012401 0.0124022 0.0124027  7.45566e+006 1.94096e+007 9.50062e+006 2.71568e+007 285574 1.30128e+006 4.05208e+006 371673 885123 193238 68184.6 114141 26183 24366.7 46207.3 99729.1 40310.2 74686.1 36782.9 53455.8 17396.8 14099.2 16143 40618.4 32223.1 20402.6 52658.6 643846
414755 414755 9.20561e-010 3.51222e-008 3.21555e-006 5.39276e-005 0.000600697 0.00499899 0.0255596 0.0723499 0.110383 0.0974362 0.0614611 0.0352533 0.0213824 0.0147294 0.011709 0.010316 0.00968372 0.00943832 0.00939241 0.0094412 0.00952384 0.00960588 0.0096704 0.00971036 0.00972533 0.00972761 0.00972856 0.00972894  1.90539e+006 5.83751e+006 1.56253e+007 7.83527e+006 2.2864e+007 245972 1.14277e+006 3.45772e+006 295905 661035 145306 53047.2 90000.9 20699.1 19270.5 36636.2 79521 32413.4 60668.6 30196.3 44305.3 14529.8 11840.2 13604.9 34301.5 27239.7 17255.5 589231
415332 415332 7.11917e-010 2.72119e-008 2.49156e-006 4.17458e-005 0.000464862 0.00387204 0.0198389 0.0563964 0.0862704 0.0759376 0.0477537 0.0273589 0.016568 0.0113909 0.00904197 0.00795943 0.00746839 0.00727798 0.00724248 0.00728046 0.00734468 0.0074084 0.0074585 0.00748952 0.00750112 0.00750288 0.00750361 0.0075039  7.88961e+006 1.42577e+006 4.47474e+006 1.22651e+007 6.28369e+006 1.87651e+007 207868 937076 2.68475e+006 219438 488183 109412 40638.6 68710 15625.5 14670.3 28281.1 61900.9 25464 48144.5 24246.2 35818.5 11840.5 9685.03 11112.4 28045.8 22365.9 492552
127802 127802 1.40732e-010 5.38045e-009 4.92613e-007 8.23479e-006 9.17597e-005 0.000766243 0.00395206 0.0113955 0.0175732 0.0151816 0.00919421 0.00509745 0.0030421 0.00209128 0.00167149 0.00148405 0.00140344 0.00137634 0.00137623 0.00138831 0.00140402 0.00141855 0.00142961 0.00143632 0.00143877 0.0014391 0.00143924 0.0014393  5.23209e+006 6.39961e+006 1.19153e+006 3.8313e+006 1.07033e+007 5.61038e+006 1.71362e+007 186437 803204 2.19902e+006 178751 401010 89378.4 32941.5 55476.5 12639.7 11946.2 23258.5 51504.3 21439.6 40967.2 20806.5 30922.4 10262 8412.48 9662.74 24398.7 448082
1.25034e+006 1.25034e+006 7.5263e-010 2.87239e-008 2.62974e-006 4.40546e-005 0.000490818 0.00408818 0.0209405 0.059497 0.0908958 0.0796274 0.0495058 0.0280316 0.0169037 0.0116453 0.00928542 0.00821154 0.00773473 0.0075597 0.00753884 0.0075897 0.00766447 0.00773612 0.00779159 0.00782563 0.00783823 0.00784006 0.00784082 0.00784113  1.14112e+007 4.20449e+006 5.30727e+006 1.06186e+006 3.31425e+006 9.41488e+006 5.12583e+006 1.54704e+007 200529 706369 1.82941e+006 160706 294167 72573.6 41349.8 71413.8 13337.6 13749.4 30043 64953.9 26048.6 48894 25527.1 37138.7 12806.4 10497.5 11378.8 482462
636169 636169 2.73787e-010 1.04405e-008 9.55828e-007 1.60278e-005 0.000178601 0.00148875 0.00766938 0.022097 0.0342062 0.0299709 0.0185443 0.0104753 0.00630756 0.00433733 0.00345057 0.0030446 0.0028622 0.00279309 0.00278212 0.00279852 0.00282441 0.00284969 0.00286943 0.00288161 0.00288614 0.00288682 0.0028871 0.00288722  896762 8.95142e+006 3.38723e+006 4.37961e+006 892823 2.85404e+006 8.29193e+006 4.43142e+006 1.27683e+007 157733 547119 1.39545e+006 118952 214133 52842 30449.1 53454.4 10164.8 10667.1 23691.2 51929 21046.7 39798.8 20877.5 30454.9 10514.3 8622.82 405761
837047 837047 3.69959e-010 1.41199e-008 1.29276e-006 2.16798e-005 0.000241493 0.00201215 0.0103511 0.0297327 0.0459308 0.040388 0.0252148 0.0143635 0.00867737 0.00596262 0.00473255 0.00416535 0.00390754 0.00380699 0.00378755 0.00380668 0.00383969 0.0038726 0.00389852 0.00391459 0.00392061 0.00392154 0.00392192 0.00392207  6.76464e+006 672476 6.86282e+006 2.66054e+006 3.512e+006 734870 2.40187e+006 6.92805e+006 3.63907e+006 1.02671e+007 126272 423183 1.04199e+006 87855.9 156426 39136.3 23231.1 41212.1 7917.69 8443.37 19003.8 41901.6 17085.8 32390.9 17046.1 24856 8611.84 336547
71874.6 71874.6 3.63966e-011 1.38843e-009 1.27113e-007 2.1306e-006 2.37433e-005 0.00019807 0.00102315 0.00296602 0.00461272 0.00402703 0.00247282 0.00138867 0.000833697 0.000572771 0.000455774 0.000402414 0.000378574 0.000369663 0.000368398 0.000370712 0.000374247 0.00037767 0.000380332 0.000381971 0.000382579 0.000382669 0.000382706 0.000382721  1.03218e+007 5.51114e+006 562703 5.88267e+006 2.32871e+006 3.1471e+006 673949 2.18126e+006 6.14257e+006 3.14675e+006 8.8113e+006 107657 354614 862159 72325.6 128986 32476 19460 34908 6783.01 7307.25 16580.7 36770.6 15050 28592.5 15063 21974.9 305236
698872 698872 4.78251e-010 1.82355e-008 1.6694e-006 2.79669e-005 0.000311706 0.00259822 0.0133538 0.0382431 0.058797 0.0512748 0.0314971 0.0176502 0.0105968 0.0073002 0.00583117 0.0051675 0.00487624 0.00477259 0.00476433 0.00479999 0.00484973 0.00489671 0.00493284 0.00495492 0.00496305 0.00496421 0.00496469 0.00496488  1.57102e+006 8.59837e+006 4.59807e+006 509315 5.09535e+006 2.07625e+006 2.88088e+006 642550 1.98639e+006 5.4943e+006 2.7861e+006 7.43779e+006 110883 286093 681929 70940.1 107360 32443.2 27089.5 46845.8 8568.63 9655.09 22569.5 47664.3 19358.5 35892.9 19132.7 369154
330269 330269 3.17056e-010 1.20866e-008 1.10651e-006 1.85551e-005 0.000206783 0.00172352 0.00887529 0.0255462 0.03951 0.0346094 0.0213977 0.0120739 0.00726837 0.00500052 0.00398108 0.0035151 0.00330632 0.00322777 0.003216 0.00323557 0.00326593 0.00329544 0.00331843 0.0033326 0.00333787 0.00333865 0.00333898 0.00333911  4.03305e+006 1.23624e+006 6.93551e+006 3.79853e+006 428716 4.39622e+006 1.83484e+006 2.51644e+006 544614 1.626e+006 4.38792e+006 2.13741e+006 5.418e+006 78699.3 203099 491452 52197.4 80738.5 24910.6 21187.8 37203.3 6884.55 7820.58 18376.1 38919.9 15827.2 29359.5 317696
538340 538340 6.28729e-010 2.39799e-008 2.19541e-006 3.68259e-005 0.000410254 0.00341607 0.0175246 0.0500098 0.076838 0.0676867 0.0424187 0.0242127 0.0146506 0.0100827 0.00801274 0.00705885 0.00662603 0.00645809 0.00642669 0.00646011 0.0065167 0.00657287 0.00661704 0.00664441 0.00665465 0.00665622 0.00665687 0.00665713  1.61256e+007 3.02321e+006 950132 5.45566e+006 3.04836e+006 353374 3.70083e+006 1.53321e+006 2.06165e+006 437121 1.28252e+006 3.36908e+006 1.58256e+006 3.93031e+006 57770.1 148366 363426 39621.7 61654.4 19451 16961.2 29948 5579.47 6373.49 15009 31726.3 12916.4 281950
65554.4 65554.4 7.54309e-011 2.87727e-009 2.63424e-007 4.42043e-006 4.92492e-005 0.000410607 0.00212031 0.00614453 0.00957223 0.0084205 0.00524295 0.00298295 0.00180073 0.001236 0.000979574 0.000860867 0.000806513 0.00078493 0.0007803 0.000783789 0.000790268 0.000796827 0.000802029 0.000805268 0.000806487 0.000806678 0.000806757 0.000806789  1.39484e+007 1.31704e+007 2.53247e+006 815249 4.78224e+006 2.73627e+006 324202 3.34328e+006 1.33424e+006 1.73026e+006 365432 1.07351e+006 2.78318e+006 1.29505e+006 3.21027e+006 47387.4 122705 303802 33519 52779.5 16826.3 14794.7 26276.7 4914.17 5625.65 13262 28046.8 260741
991877 991877 1.18971e-009 4.53663e-008 4.15334e-006 6.9686e-005 0.000776227 0.00645439 0.0329029 0.0925119 0.140428 0.124388 0.0790323 0.0455774 0.0277258 0.0191223 0.0152038 0.013391 0.0125648 0.0122411 0.0121771 0.0122368 0.0123412 0.0124456 0.0125279 0.012579 0.0125982 0.0126012 0.0126024 0.0126029  1.26307e+007 1.13261e+007 1.09439e+007 2.21417e+006 739727 4.36846e+006 2.52054e+006 313593 3.02512e+006 1.20819e+006 1.55865e+006 342674 936575 2.37434e+006 1.1153e+006 2.73685e+006 54903.2 109736 269145 38150.4 49689.8 18859.9 20662.9 34635.2 6471.11 7560.99 17793 346559
334879 334879 4.39756e-010 1.67714e-008 1.53551e-006 2.57742e-005 0.000287075 0.00238997 0.0122819 0.0352341 0.054442 0.0480708 0.0302154 0.0173137 0.0104892 0.00720871 0.005714 0.00502025 0.00470158 0.00457416 0.00454582 0.00456505 0.00460195 0.00463954 0.00466944 0.00468808 0.00469512 0.00469622 0.00469668 0.00469687  1.1028e+006 9.93811e+006 9.13606e+006 9.04213e+006 1.86988e+006 639536 3.84924e+006 2.15895e+006 250943 2.2758e+006 915828 1.21724e+006 269779 738534 1.87712e+006 886358 2.19204e+006 44408.6 89746.8 222568 31860.8 41823.9 15962.7 17551.8 29480.6 5513.71 6445.44 310681
663813 663813 8.91099e-010 3.39894e-008 3.11187e-006 5.22334e-005 0.000581752 0.00483956 0.0247528 0.0701621 0.107317 0.0951585 0.0604824 0.03495 0.0212655 0.014639 0.0116072 0.0101958 0.00954544 0.00928376 0.00922377 0.00926088 0.00933432 0.00940958 0.00946959 0.00950706 0.00952123 0.00952347 0.00952441 0.00952478  5.75233e+006 828902 7.60913e+006 7.16692e+006 7.25575e+006 1.5374e+006 537638 3.19526e+006 1.74437e+006 198416 1.79476e+006 728005 962650 212460 577262 1.46502e+006 694170 1.72622e+006 35755.9 72033.3 180020 26231.9 34306.5 13228.9 14692.6 24618.9 4614.5 264396
133288 133288 1.73473e-010 6.62137e-009 6.06229e-007 1.01695e-005 0.000113283 0.000944363 0.00487036 0.0140691 0.0218509 0.0192294 0.0120061 0.00684704 0.00413707 0.00283952 0.00224983 0.00197676 0.0018517 0.00180203 0.00179135 0.00179935 0.00181423 0.0018293 0.00184126 0.0018487 0.0018515 0.00185193 0.00185212 0.00185219  1.00841e+007 4.69744e+006 694359 6.52931e+006 6.2912e+006 6.51876e+006 1.40907e+006 482254 2.72283e+006 1.42009e+006 163100 1.52074e+006 624384 827326 182351 495229 1.25963e+006 599972 1.50323e+006 31402.7 63773.7 160431 23488.4 30813.9 11903.4 13233 22183.9 242471
1.23229e+006 1.23229e+006 1.57696e-009 6.01515e-008 5.50699e-006 9.23653e-005 0.0010287 0.00854668 0.0433701 0.120639 0.181401 0.160919 0.102871 0.0595671 0.0363168 0.0250844 0.0199675 0.0176041 0.0165308 0.0161145 0.0160371 0.0161206 0.0162615 0.0164012 0.0165111 0.0165791 0.0166046 0.0166085 0.0166101 0.0166108  5.45253e+006 8.16164e+006 3.98616e+006 681534 5.6693e+006 5.61034e+006 5.94411e+006 1.30936e+006 450997 2.47372e+006 1.27096e+006 156028 1.30936e+006 539037 709407 166061 422985 1.07194e+006 525445 1.31649e+006 37089 59277.5 147163 27237.2 29875.1 13391.5 17210.9 313598
642566 642566 6.77997e-010 2.58352e-008 2.36534e-006 3.97367e-005 0.000442523 0.00367911 0.0188461 0.0537441 0.0827179 0.0733666 0.046511 0.0268305 0.0163112 0.0112211 0.00889065 0.00780364 0.00730064 0.00709619 0.00704689 0.00707257 0.00712667 0.00718275 0.00722768 0.00725581 0.00726648 0.0072682 0.00726891 0.0072692  2.4465e+006 4.28547e+006 6.58052e+006 3.29205e+006 574897 4.89434e+006 4.92815e+006 5.02832e+006 1.01187e+006 321093 1.78023e+006 954717 119166 1.00629e+006 416616 552522 130616 336543 863429 428341 1.08452e+006 30807.6 49526.4 123419 22891.5 25134.9 11272.1 278531
951718 951718 8.34508e-010 3.18222e-008 2.91354e-006 4.89169e-005 0.000544703 0.00452857 0.0231562 0.0657178 0.100658 0.0892265 0.0566477 0.0327058 0.01989 0.0136886 0.0108525 0.00953258 0.00892431 0.00867945 0.00862311 0.00865754 0.00872594 0.0087961 0.00885205 0.008887 0.00890021 0.00890231 0.00890319 0.00890353  8.54497e+006 1.8341e+006 3.28124e+006 5.15983e+006 2.64749e+006 474773 4.0999e+006 4.05333e+006 3.97798e+006 775754 248990 1.41378e+006 764483 95810.6 802960 332083 440693 104878 271027 700233 350241 891743 25772.7 41099.7 102512 19225 20958.5 243693
104019 104019 8.26673e-011 3.15487e-009 2.88846e-007 4.8451e-006 5.39766e-005 0.000450084 0.00232373 0.00672961 0.0104725 0.00920158 0.00572297 0.00325309 0.00196269 0.00134698 0.00106778 0.00093877 0.000879877 0.000856658 0.000851868 0.00085588 0.000863104 0.00087037 0.000876118 0.00087969 0.000881033 0.00088124 0.000881327 0.000881362  1.43068e+007 6.96809e+006 1.53338e+006 2.81025e+006 4.52315e+006 2.37434e+006 433828 3.66449e+006 3.45041e+006 3.24431e+006 638422 210727 1.20898e+006 654404 81862.9 685610 284161 379056 90886.1 236861 616862 310562 794435 23031 36792.7 91856.6 17234.9 237321
1.48968e+006 1.48968e+006 1.35616e-009 5.17245e-008 4.73542e-006 7.94073e-005 0.000884525 0.00735385 0.0374146 0.104685 0.158116 0.139809 0.0886854 0.0510241 0.0310143 0.0214106 0.0170543 0.0150504 0.0141459 0.0138002 0.0137419 0.0138193 0.0139444 0.0140671 0.0141631 0.0142224 0.0142446 0.0142479 0.0142493 0.0142499  1.89121e+007 1.16159e+007 5.80928e+006 1.38581e+006 2.46366e+006 4.03276e+006 2.2032e+006 434484 3.31043e+006 3.09906e+006 2.88481e+006 579084 192416 1.05876e+006 564684 76833.4 576632 246053 331467 86011 209303 542916 281265 714672 27207.2 34849.2 85484.8 292805
435385 435385 4.98784e-010 1.9012e-008 1.74061e-006 2.92344e-005 0.000325631 0.00271005 0.0139202 0.0398964 0.0616478 0.0545931 0.0344752 0.0198331 0.0120397 0.00827652 0.00655535 0.00575296 0.00538185 0.00523114 0.00519496 0.00521411 0.00525422 0.00529575 0.005329 0.00534982 0.00535771 0.00535898 0.00535951 0.00535972  1.59315e+006 1.48705e+007 9.36767e+006 4.79865e+006 1.16869e+006 2.12709e+006 3.54761e+006 1.8765e+006 342225 2.42552e+006 2.27955e+006 2.17908e+006 438825 145805 805956 433764 59726 454300 196565 268320 70422.8 172903 451313 234754 597849 22784.7 29198.6 317035
730647 730647 9.28564e-010 3.54071e-008 3.24174e-006 5.4429e-005 0.000606085 0.00503797 0.0257357 0.0728599 0.111372 0.0988115 0.0628705 0.0363571 0.0221298 0.015236 0.0120809 0.0106116 0.00993414 0.00966112 0.00959799 0.00963595 0.00971181 0.00978969 0.00985184 0.00989066 0.00990534 0.00990768 0.00990865 0.00990904  4.88828e+006 1.19487e+006 1.13962e+007 7.35557e+006 3.85955e+006 964004 1.78842e+006 2.94375e+006 1.51442e+006 270575 1.92203e+006 1.83741e+006 1.76152e+006 354386 117422 646425 347990 48291 367495 160403 220562 58428.8 143542 375557 195895 499114 19260.6 291600
127248 127248 1.57944e-010 6.02735e-009 5.51839e-007 9.25892e-006 0.000103141 0.000859757 0.00443482 0.0128188 0.0199244 0.0175429 0.0109575 0.00625142 0.003778 0.00259303 0.00205415 0.00180436 0.00168979 0.00164411 0.00163409 0.00164118 0.0016546 0.00166824 0.00167907 0.00168582 0.00168837 0.00168877 0.00168893 0.001689  2.30062e+007 3.98777e+006 999254 9.76306e+006 6.45018e+006 3.46257e+006 880853 1.59526e+006 2.48822e+006 1.22121e+006 220579 1.61872e+006 1.56876e+006 1.50819e+006 303103 100389 553854 299682 41895.2 321497 141438 195748 52097 128377 336471 175673 447806 278981
1.0455e+006 1.0455e+006 1.34934e-009 5.14642e-008 4.71171e-006 7.90737e-005 0.000880632 0.00731853 0.0372363 0.10425 0.157759 0.140198 0.0897604 0.0521105 0.0317949 0.0219318 0.0174172 0.0153183 0.0143543 0.0139699 0.0138859 0.013946 0.0140594 0.0141745 0.014266 0.0143229 0.0143444 0.0143478 0.0143492 0.0143498  6.08247e+006 1.85831e+007 3.42897e+006 897669 8.48079e+006 5.76233e+006 3.16995e+006 837105 1.44713e+006 2.21504e+006 1.10345e+006 218336 1.40598e+006 1.35284e+006 1.28861e+006 268931 92080 494886 269784 41698.4 283292 129151 179630 51633.3 116768 302274 162162 714223
239018 239018 2.88187e-010 1.09872e-008 1.0059e-006 1.68914e-005 0.000188179 0.00156759 0.0080755 0.0232807 0.0361443 0.03195 0.0200821 0.0115146 0.00697758 0.00479263 0.00379459 0.00332965 0.00311474 0.00302757 0.00300674 0.00301797 0.00304132 0.00306547 0.00308479 0.00309689 0.00310147 0.0031022 0.00310251 0.00310263  8.64926e+006 4.78202e+006 1.49845e+007 2.83222e+006 758226 7.33068e+006 5.07082e+006 2.70102e+006 660465 1.06635e+006 1.65595e+006 863520 174634 1.13334e+006 1.09361e+006 1.04462e+006 219051 75537.2 409596 225407 35142.7 240433 110161 153718 44267.5 100208 259530 752658
866068 866068 8.46014e-010 3.2277e-008 2.95512e-006 4.95941e-005 0.000552357 0.00459611 0.0235209 0.0667415 0.102157 0.0905179 0.0574613 0.0331748 0.0201747 0.0138844 0.0110082 0.00967016 0.00905407 0.00880667 0.00875049 0.0087863 0.00885645 0.0089282 0.00898536 0.00902103 0.00903451 0.00903664 0.00903752 0.00903788  2.3659e+006 6.47739e+006 3.66909e+006 1.17744e+007 2.28236e+006 625794 6.17815e+006 4.24485e+006 2.22415e+006 537025 868385 1.35777e+006 705975 142479 914500 879631 840186 177137 61556.6 335819 186220 29335.6 200358 92207.2 128881 37272.8 84069.9 851156
280825 280825 2.18576e-010 8.34265e-009 7.63824e-007 1.28141e-005 0.000142738 0.00118973 0.0061325 0.017694 0.0274558 0.0241788 0.0151198 0.00863353 0.00521966 0.00358307 0.0028387 0.00249373 0.00233557 0.00227259 0.00225887 0.00226876 0.00228739 0.00230629 0.0023213 0.00233065 0.00233417 0.00233472 0.00233495 0.00233504  6.26358e+006 1.93098e+006 5.42561e+006 3.14821e+006 1.03316e+007 2.04973e+006 573606 5.54855e+006 3.62969e+006 1.81962e+006 442957 736431 1.16338e+006 605488 121971 782414 754327 724398 153908 53949.8 296737 165654 26221.6 179655 82830 115886 33530.5 841556
1.22375e+006 1.22375e+006 9.51517e-010 3.62891e-008 3.32242e-006 5.5763e-005 0.000621058 0.00516531 0.0263957 0.0746892 0.114053 0.101074 0.0641916 0.037052 0.0225366 0.0155209 0.0123162 0.0108275 0.0101438 0.00987086 0.00981083 0.00985295 0.00993291 0.0100142 0.0100788 0.010119 0.0101342 0.0101366 0.0101376 0.010138  1.90661e+006 5.15843e+006 1.72458e+006 4.66155e+006 2.74786e+006 9.19214e+006 1.92582e+006 540730 4.954e+006 3.2068e+006 1.60583e+006 410993 646119 998518 527783 116842 666256 649405 627649 140706 51409.4 274867 155095 26993.6 161026 76988.5 107736 836734
320238 320238 2.77997e-010 1.05986e-008 9.7033e-007 1.62941e-005 0.000181524 0.00151215 0.00779052 0.022465 0.0348854 0.0308333 0.0193743 0.0111061 0.00672925 0.00462189 0.00365943 0.00321112 0.00300394 0.00291993 0.00289989 0.00291075 0.00293329 0.0029566 0.00297525 0.00298692 0.00299134 0.00299205 0.00299234 0.00299246  883437 1.49831e+006 4.15723e+006 1.4237e+006 3.93609e+006 2.37467e+006 8.09986e+006 1.65782e+006 440627 3.84325e+006 2.50907e+006 1.2931e+006 334233 526150 812779 430113 95592 548713 539459 526254 118994 43780.4 235246 133172 23221.3 138658 66325.8 813884
696824 696824 5.84223e-010 2.22879e-008 2.04057e-006 3.42476e-005 0.000381458 0.00317583 0.0163005 0.0465831 0.0717366 0.0634414 0.0400509 0.0230309 0.0139764 0.00960895 0.00761491 0.00668783 0.00626107 0.00608967 0.00605069 0.00607541 0.00612392 0.00617355 0.0062131 0.00623778 0.00624711 0.00624858 0.00624919 0.00624944  805234 675681 1.15538e+006 3.26909e+006 1.14866e+006 3.2438e+006 2.00162e+006 6.78e+006 1.36771e+006 358510 3.13034e+006 2.05773e+006 1.05614e+006 271858 424592 653304 346099 77514.9 445478 441424 433796 98897.3 36604.2 196939 111728 19580 116216 739957
303058 303058 2.26644e-010 8.65007e-009 7.91966e-007 1.32866e-005 0.000148004 0.00123362 0.00635842 0.018343 0.0284599 0.0250659 0.0156767 0.00895208 0.00541263 0.00371582 0.00294402 0.00258632 0.00242231 0.002357 0.00234276 0.00235302 0.00237233 0.00239192 0.00240749 0.00241718 0.00242083 0.0024214 0.00242164 0.00242174  1.05855e+007 657170 565865 991188 2.86832e+006 1.03165e+006 2.97681e+006 1.8106e+006 5.92523e+006 1.1582e+006 304866 2.70566e+006 1.78231e+006 911703 233757 364528 561934 299238 67530.6 391459 391073 386897 88631.1 32908.2 177377 100727 17660.6 772449
1.45689e+006 1.45689e+006 1.21181e-009 4.6219e-008 4.23151e-006 7.10262e-005 0.000791015 0.00657561 0.0335107 0.0941755 0.143007 0.127093 0.0812949 0.0471872 0.0287822 0.0198398 0.0157422 0.0138338 0.0129544 0.012601 0.0125205 0.0125713 0.0126712 0.0127735 0.012855 0.0129058 0.0129251 0.0129281 0.0129294 0.0129299  1.37616e+007 8.55258e+006 667280 716662 963692 2.59732e+006 995593 2.72208e+006 1.62558e+006 5.21264e+006 1.05648e+006 279742 2.33826e+006 1.53218e+006 782051 211538 315981 483380 265948 66429.8 345570 349542 346823 83626.6 32168.2 167161 96022.8 753816
381542 381542 4.03667e-010 1.53896e-008 1.40895e-006 2.36598e-005 0.000263574 0.00219504 0.0112928 0.032454 0.0502519 0.0444611 0.0280159 0.0160924 0.00976097 0.00670754 0.00531183 0.0046614 0.0043607 0.0042387 0.00420954 0.00422523 0.00425788 0.00429166 0.0043187 0.00433561 0.00434203 0.00434305 0.00434348 0.00434365  1.65539e+006 1.08197e+007 6.89674e+006 551186 605571 833340 2.28786e+006 851961 2.17401e+006 1.22147e+006 3.97391e+006 841367 227598 1.91601e+006 1.25727e+006 642389 174294 261839 403691 224035 56416.6 295432 300250 298842 72186.5 27794 144500 734830
679783 679783 9.47633e-010 3.61487e-008 3.30959e-006 5.55493e-005 0.000618664 0.00514604 0.0263029 0.0744371 0.113697 0.10085 0.0641771 0.0371185 0.022595 0.0155568 0.0123358 0.0108362 0.0101452 0.00986724 0.00980359 0.00984312 0.00992123 0.0100013 0.0100651 0.0101049 0.01012 0.0101223 0.0101233 0.0101237  1.64533e+007 1.24458e+006 8.30106e+006 5.41969e+006 446830 504412 704657 1.9101e+006 696384 1.73796e+006 981346 3.23154e+006 685479 184661 1.54352e+006 1.01007e+006 516344 140956 212669 330157 184793 47009.7 246009 250817 250040 60588.1 23375 738803
163146 163146 2.74143e-010 1.04628e-008 9.57928e-007 1.6071e-005 0.000179019 0.00149195 0.00768573 0.0221435 0.0343189 0.0302377 0.0189305 0.010818 0.00654332 0.00449292 0.00356003 0.00312762 0.00292934 0.00285038 0.00283317 0.00284556 0.00286891 0.0028926 0.00291141 0.00292313 0.00292755 0.00292824 0.00292853 0.00292864  1.35243e+007 1.34326e+007 1.04248e+006 7.12251e+006 4.75662e+006 401347 462089 630914 1.61937e+006 562380 1.41819e+006 827523 2.7634e+006 587915 158224 1.32213e+006 867183 445639 122576 186522 291906 164465 42037.2 220672 225388 224904 54523.5 686078
646145 646145 1.30878e-009 4.99203e-008 4.57038e-006 7.67004e-005 0.000854193 0.00709947 0.0361376 0.101278 0.153394 0.136283 0.0871963 0.0506016 0.030866 0.0212865 0.0169021 0.0148636 0.0139272 0.0135536 0.0134717 0.0135298 0.0136397 0.0137513 0.01384 0.0138953 0.0139161 0.0139194 0.0139208 0.0139213  2.59399e+006 1.09609e+007 1.1142e+007 974110 6.20161e+006 4.23451e+006 416668 520429 613758 1.44335e+006 524177 1.25207e+006 720017 2.36305e+006 524614 141368 1.12495e+006 746554 389562 114556 167929 260345 151380 42456.2 198799 204431 203590 711231
251683 251683 5.49883e-010 2.09648e-008 1.91938e-006 3.22299e-005 0.000359029 0.00298894 0.0153509 0.0439388 0.0677987 0.0600445 0.0379477 0.0218431 0.0132639 0.00911983 0.00722432 0.00634083 0.00593245 0.00576687 0.00572744 0.00574894 0.00579345 0.00583946 0.00587627 0.00589929 0.00590802 0.00590942 0.00591 0.00591023  6.86414e+006 2.03886e+006 8.8372e+006 9.20189e+006 822667 5.35967e+006 3.72642e+006 355356 411873 454481 1.08371e+006 411409 1.00355e+006 581289 1.91236e+006 425613 115212 923216 618081 325563 96566.4 142550 222105 129565 36405.9 170634 175553 785799
589708 589708 1.00952e-009 3.85256e-008 3.52724e-006 5.91822e-005 0.000659087 0.00548246 0.0280018 0.0790846 0.120538 0.106855 0.06801 0.039335 0.0239429 0.0164869 0.0130776 0.0114927 0.0107642 0.0104729 0.0104082 0.0104523 0.0105369 0.0106229 0.0106914 0.0107341 0.0107502 0.0107527 0.0107538 0.0107542  1.08943e+007 5.14084e+006 1.56687e+006 6.94493e+006 7.40273e+006 679562 4.51059e+006 3.09521e+006 287719 325793 360211 871855 333059 808750 466608 1.53087e+006 341723 92861.8 747179 504217 267676 80097.9 118527 185063 108274 30571.3 142621 805279
127224 127224 1.49716e-010 5.71637e-009 5.23376e-007 8.77754e-006 9.77742e-005 0.000815238 0.00420555 0.0121535 0.0188764 0.0165967 0.0103495 0.00589675 0.00356093 0.00244361 0.0019363 0.00170163 0.00159436 0.00155192 0.001543 0.00155011 0.00156309 0.00157618 0.00158655 0.001593 0.00159542 0.0015958 0.00159596 0.00159602  3.23801e+007 8.88346e+006 4.30454e+006 1.34397e+006 6.08903e+006 6.64167e+006 621880 4.02817e+006 2.60641e+006 229750 262559 300114 736641 282209 684775 395224 1.30078e+006 292141 80047.9 649965 442353 236463 71109.4 105567 165136 96709.3 27319.2 847291
1.10826e+006 1.10826e+006 1.09019e-009 4.1593e-008 3.80801e-006 6.38948e-005 0.000711618 0.00591843 0.0302032 0.0851312 0.129528 0.114837 0.0731076 0.042271 0.0257333 0.0177303 0.0140738 0.0123759 0.011597 0.0112871 0.0112201 0.0112696 0.011362 0.0114556 0.0115299 0.0115761 0.0115936 0.0115963 0.0115975 0.0115979  2.19285e+007 2.61152e+007 7.42809e+006 3.70944e+006 1.21475e+006 5.42754e+006 6.04942e+006 600975 3.62047e+006 2.3113e+006 233736 289329 288319 640522 255902 584352 336862 1.10623e+006 265596 73482.9 569388 392740 213002 68298.5 96870.6 148675 89708.6 821527
156013 156013 1.38418e-010 5.27764e-009 4.83183e-007 8.11321e-006 9.03891e-005 0.000753281 0.00388736 0.0112522 0.0175283 0.0154731 0.00969199 0.00554324 0.0033546 0.00230274 0.0018228 0.00159938 0.00149618 0.00145437 0.00144444 0.0014499 0.00146117 0.00147281 0.00148212 0.00148795 0.00149015 0.00149051 0.00149065 0.00149071  2.94343e+006 1.72253e+007 2.10533e+007 6.13413e+006 3.13132e+006 1.04947e+006 4.78115e+006 5.19158e+006 484306 2.75654e+006 1.77647e+006 185826 233132 233044 517983 207321 475530 276085 914841 221765 61900.2 483075 334909 182242 58547.1 83121.7 127635 782491
1.07265e+006 1.07265e+006 9.07087e-010 3.46301e-008 3.17065e-006 5.31823e-005 0.000592245 0.00492815 0.025197 0.0713317 0.108894 0.0963598 0.0611304 0.0352689 0.0214382 0.0147542 0.0117035 0.0102879 0.00963902 0.00938113 0.00932564 0.0093671 0.00944428 0.00952244 0.00958443 0.00962303 0.00963756 0.00963983 0.00964077 0.00964115  4.65128e+006 2.20469e+006 1.32122e+007 1.6542e+007 4.93589e+006 2.58101e+006 886538 4.01948e+006 4.3279e+006 401735 2.28123e+006 1.47049e+006 153448 191359 189063 417066 167280 384087 224380 748925 183420 51511.7 402788 280152 152783 49264 69828.3 765261
215453 215453 1.88119e-010 7.18417e-009 6.57768e-007 1.10283e-005 0.000122842 0.00102424 0.00528085 0.0152405 0.0236339 0.0207591 0.0129314 0.00735939 0.00444194 0.00304874 0.00241723 0.00212576 0.001993 0.00194096 0.00193056 0.00194001 0.00195665 0.00197331 0.00198646 0.00199462 0.00199768 0.00199815 0.00199835 0.00199843  5.93521e+007 3.78723e+006 1.84487e+006 1.1326e+007 1.44855e+007 4.42264e+006 2.3605e+006 792933 3.40649e+006 3.48987e+006 325717 1.89924e+006 1.23524e+006 128899 160451 158590 351151 141805 328517 193778 652576 160983 45445.1 356554 248476 135643 43758.3 741963
1.24051e+006 1.24051e+006 1.16636e-009 4.45024e-008 4.07437e-006 6.83473e-005 0.00076121 0.00633034 0.0322757 0.0907693 0.137792 0.122068 0.0776524 0.0448499 0.0272932 0.0188134 0.0149462 0.013155 0.0123368 0.0120146 0.0119489 0.0120055 0.0121067 0.0122084 0.0122887 0.0123386 0.0123574 0.0123603 0.0123615 0.012362  1.24449e+006 4.77021e+007 3.19984e+006 1.60056e+006 9.80662e+006 1.28545e+007 4.05139e+006 2.16607e+006 734950 3.00306e+006 3.0406e+006 302899 1.61044e+006 1.03311e+006 124633 164782 148396 303951 130571 287583 170519 572284 151815 42867.4 316779 222390 122889 734699
352956 352956 2.8335e-010 1.08046e-008 9.89192e-007 1.66085e-005 0.000185024 0.00154144 0.00794114 0.022893 0.0355354 0.0313963 0.0197223 0.0113027 0.0068473 0.00470282 0.00372382 0.00326807 0.00305765 0.0029725 0.0029524 0.00296369 0.00298682 0.00301067 0.00302974 0.00304166 0.00304618 0.0030469 0.0030472 0.00304732  1.71689e+006 977279 3.84508e+007 2.64207e+006 1.35025e+006 8.46702e+006 1.13146e+007 3.4676e+006 1.73283e+006 552826 2.2766e+006 2.3808e+006 239844 1.27821e+006 821146 99416.4 132278 120171 248686 107965 240071 143437 484010 128851 36456.3 269677 189414 730619
616215 616215 3.66631e-010 1.39939e-008 1.28123e-006 2.14946e-005 0.000239421 0.00199491 0.0102656 0.0295003 0.0456208 0.0402306 0.0252485 0.014456 0.00875184 0.00601101 0.00476284 0.0041839 0.00391823 0.00381225 0.00378896 0.00380534 0.0038364 0.00386799 0.00389308 0.00390872 0.00391461 0.00391553 0.00391592 0.00391607  2.72106e+006 1.28617e+006 751063 3.02054e+007 2.12669e+006 1.11301e+006 7.13334e+006 9.4679e+006 2.8549e+006 1.40588e+006 450047 1.86141e+006 1.93705e+006 194467 1.02679e+006 657560 80167.7 107310 97771.4 203177 89082.2 198803 119300 403545 107960 30566.9 225575 771108
112546 112546 5.2546e-011 2.00478e-009 1.83548e-007 3.0803e-006 3.43154e-005 0.000286097 0.00147766 0.00428458 0.00667949 0.00588127 0.00366915 0.00209194 0.00126379 0.00086707 0.00068656 0.000602796 0.000564291 0.000548859 0.000545382 0.00054765 0.00055206 0.000556564 0.00056015 0.000562387 0.000563232 0.000563365 0.00056342 0.000563442  1.09503e+007 2.21779e+006 1.07684e+006 644171 2.64741e+007 1.90814e+006 1.02206e+006 6.49067e+006 8.41836e+006 2.48119e+006 1.2198e+006 392116 1.61081e+006 1.66252e+006 165909 874377 561248 68828.1 92898.5 85426.3 179065 79066.8 177350 106781 361890 96912.1 27452 895350
1.81452e+006 1.81452e+006 8.84616e-010 3.37335e-008 3.08842e-006 5.18392e-005 0.000577376 0.00480253 0.0245604 0.0696269 0.106499 0.0943379 0.0598226 0.0344897 0.0209664 0.0144367 0.0114554 0.0100707 0.00943484 0.00918105 0.00912524 0.00916442 0.00923879 0.0093144 0.00937448 0.00941192 0.00942605 0.00942827 0.0094292 0.00942957  1.13921e+007 8.88645e+006 1.85816e+006 942414 583955 2.35191e+007 1.77261e+006 952947 5.87872e+006 7.58928e+006 2.24549e+006 1.10816e+006 360230 1.40492e+006 1.43504e+006 153918 755113 487909 69588.4 98850.4 85143.4 165785 77398.5 163927 98425.2 329530 94971.2 870165
686494 686494 3.63905e-010 1.3875e-008 1.2703e-006 2.13299e-005 0.000237612 0.00197895 0.0101846 0.0292968 0.0453956 0.0401401 0.0252634 0.0144985 0.00878984 0.00603899 0.00478235 0.00419708 0.00392672 0.00381721 0.00379124 0.00380559 0.00383516 0.0038657 0.00389013 0.0039054 0.00391119 0.00391212 0.0039125 0.00391266  1.07483e+007 8.95523e+006 7.16202e+006 1.53404e+006 795890 504772 2.07341e+007 1.529e+006 781121 4.60358e+006 5.98841e+006 1.81776e+006 903773 293844 1.14508e+006 1.17091e+006 126079 622662 405808 58419.2 83700.7 72598.5 142064 66540.4 141193 84858.1 284244 832727
1.0143e+006 1.0143e+006 4.67771e-010 1.78519e-008 1.63445e-006 2.74234e-005 0.000305451 0.00254423 0.0130766 0.0374777 0.057834 0.051056 0.0321226 0.0184252 0.0111658 0.00767227 0.00607987 0.00534072 0.00500124 0.00486558 0.00483549 0.00485609 0.0048955 0.00493563 0.00496753 0.00498742 0.00499493 0.0049961 0.00499659 0.00499679  3.37698e+006 8.0433e+006 6.86733e+006 5.62685e+006 1.23437e+006 656196 425753 1.73006e+007 1.25056e+006 627316 3.70593e+006 4.86939e+006 1.47574e+006 730246 236405 916933 937897 101696 503982 331059 48307.1 69747.3 60605.4 118552 55743.7 118091 70994.3 935349
471208 471208 1.93841e-010 7.39801e-009 6.77333e-007 1.13633e-005 0.000126581 0.0010551 0.0054401 0.0157074 0.0243883 0.0214713 0.0134154 0.00765484 0.00462653 0.00317581 0.00251625 0.00221069 0.00207066 0.00201496 0.00200289 0.00201173 0.00202829 0.00204508 0.00205841 0.00206671 0.00206984 0.00207033 0.00207053 0.00207061  1.37975e+006 2.75322e+006 6.73438e+006 5.89008e+006 4.93293e+006 1.10772e+006 602274 386252 1.52537e+007 1.07299e+006 538537 3.21118e+006 4.20633e+006 1.26688e+006 623701 201586 783662 806174 88126.9 440720 291980 42902.5 62255 54272.7 106366 50062.5 106107 904462
2.07344e+006 2.07344e+006 1.14345e-009 4.36179e-008 3.99337e-006 6.70017e-005 0.000746237 0.00620534 0.0316458 0.0890687 0.135335 0.11994 0.0763116 0.0440839 0.0268304 0.0184939 0.0146899 0.0129265 0.0121198 0.011801 0.0117346 0.0117888 0.0118872 0.0119863 0.0120647 0.0121135 0.0121318 0.0121347 0.0121359 0.0121364  7.64886e+006 1.1252e+006 2.30886e+006 5.74464e+006 5.11137e+006 4.39871e+006 1.02272e+006 561931 359721 1.34244e+007 965319 487950 2.76505e+006 3.58567e+006 1.08173e+006 538601 178332 672415 696768 82446 388834 260113 43736.2 65562.9 54211.8 98949.2 48872 940437
409267 409267 3.5169e-010 1.34057e-008 1.22734e-006 2.0613e-005 0.000229617 0.00191186 0.0098382 0.0283115 0.0438959 0.0388277 0.0244411 0.0140284 0.0085056 0.00584374 0.00462732 0.00406049 0.00379839 0.00369198 0.00366646 0.00368002 0.00370838 0.00373773 0.00376124 0.00377595 0.00378153 0.00378242 0.00378279 0.00378294  5.75495e+006 6.01006e+006 907069 1.90657e+006 4.84863e+006 4.41547e+006 3.87316e+006 876089 450664 271786 1.0231e+007 760094 388692 2.20837e+006 2.86767e+006 867920 434683 145121 552628 578541 69095 328303 220787 37252 55952.8 46312.1 84570.8 845785
831164 831164 8.71829e-010 3.32584e-008 3.04497e-006 5.11051e-005 0.000569174 0.00473521 0.0242227 0.0686853 0.105077 0.0931233 0.0591382 0.0341501 0.020771 0.0142969 0.0113366 0.00995954 0.00932556 0.00907107 0.00901338 0.00905035 0.00912264 0.00919656 0.00925543 0.00929217 0.00930605 0.00930825 0.00930916 0.00930953  1.32144e+006 4.30734e+006 4.60692e+006 712714 1.53406e+006 3.99294e+006 3.71546e+006 3.22984e+006 716466 362455 219717 8.33739e+006 619236 315234 1.77791e+006 2.30156e+006 696936 350524 117859 451481 476119 57384.8 273069 184205 31306 47113.1 38932.3 780014
183958 183958 1.71722e-010 6.55422e-009 6.00076e-007 1.00642e-005 0.000112116 0.000934718 0.00482061 0.0139245 0.0216165 0.0189936 0.0118243 0.00672442 0.00405827 0.00278618 0.00220963 0.00194347 0.0018222 0.00177461 0.00176505 0.00177363 0.00178878 0.00180396 0.00181595 0.00182339 0.00182619 0.00182662 0.0018268 0.00182687  5.81605e+006 1.07855e+006 3.60724e+006 3.95216e+006 625340 1.37754e+006 3.65824e+006 3.33246e+006 2.75421e+006 583904 297937 185841 7.12808e+006 530096 269434 1.51909e+006 1.97144e+006 600275 304267 103201 398584 423164 51248.5 244639 165327 28124.6 42345.7 736280
1.94492e+006 1.94492e+006 1.79043e-009 6.83027e-008 6.25328e-006 0.00010487 0.00116787 0.0096982 0.0490902 0.135758 0.203122 0.180401 0.115783 0.067233 0.0410516 0.0283769 0.0225989 0.0199304 0.0187195 0.018251 0.0181653 0.0182612 0.0184217 0.0185805 0.0187053 0.0187825 0.0188114 0.0188159 0.0188177 0.0188184  1.14232e+007 4.74214e+006 908044 3.08126e+006 3.42708e+006 563406 1.2689e+006 3.32946e+006 2.98435e+006 2.43941e+006 523377 269037 166224 5.94148e+006 453900 233925 1.26507e+006 1.65828e+006 514972 268157 93642.9 351241 374709 48798.6 218299 148193 28509.9 730294
471396 471396 5.18507e-010 1.97649e-008 1.80953e-006 3.0389e-005 0.000338511 0.00281765 0.0144727 0.04146 0.0640287 0.0566954 0.0358016 0.0205936 0.0125012 0.00859493 0.00680877 0.00597641 0.00559171 0.00543576 0.00539865 0.00541891 0.00546086 0.0055042 0.00553888 0.00556058 0.0055688 0.00557012 0.00557067 0.00557088  1.19977e+006 8.97408e+006 3.82272e+006 749789 2.59807e+006 2.95687e+006 494115 1.06621e+006 2.52472e+006 2.06251e+006 1.70849e+006 385877 202876 126526 4.55554e+006 351048 182830 1.00065e+006 1.32836e+006 417590 219778 77393.9 292012 312710 40812.4 182766 124131 635772
598424 598424 8.66144e-010 3.30424e-008 3.02518e-006 5.07672e-005 0.000565441 0.00470487 0.0240721 0.0682689 0.104435 0.0924996 0.0586766 0.033848 0.0205782 0.0141652 0.0112357 0.00987438 0.00924874 0.00899861 0.00894309 0.00898102 0.00905365 0.00912761 0.00918642 0.00922308 0.00923692 0.0092391 0.00924 0.00924037  1.8366e+006 898488 6.88029e+006 3.00343e+006 603571 2.1399e+006 2.48669e+006 410567 860018 1.98422e+006 1.63162e+006 1.3747e+006 311742 163595 101665 3.64197e+006 281334 147219 808961 1.08232e+006 342952 181769 64349 243083 260752 34169.8 152625 636052
176589 176589 2.78362e-010 1.06216e-008 9.72459e-007 1.63138e-005 0.000181729 0.00151438 0.00779965 0.0224679 0.0348099 0.0306366 0.019136 0.01091 0.00659303 0.00452844 0.00359118 0.00315781 0.0029599 0.00288182 0.00286566 0.00287908 0.0029033 0.00292768 0.00294697 0.00295896 0.00296347 0.00296417 0.00296446 0.00296457  2.33674e+006 1.49936e+006 752663 5.904e+006 2.63532e+006 542069 1.96142e+006 2.23225e+006 350516 701644 1.6308e+006 1.3767e+006 1.16992e+006 265405 139081 86457.6 3.10721e+006 241511 127433 706647 953484 304223 162043 57551.6 217810 233870 30661.8 707897
1.54189e+006 1.54189e+006 2.53855e-009 9.68402e-008 8.8662e-006 0.000148751 0.00165583 0.0137185 0.0688166 0.186593 0.274881 0.246006 0.161006 0.0949437 0.0584203 0.0404823 0.0322359 0.0284013 0.0266457 0.0259529 0.0258102 0.0259304 0.0261464 0.0263636 0.0265353 0.026642 0.0266822 0.0266884 0.026691 0.0266921  4.05936e+006 1.92874e+006 1.24878e+006 648262 5.11755e+006 2.35883e+006 502903 1.78354e+006 1.98157e+006 311994 619166 1.41644e+006 1.17171e+006 987696 229564 122334 76882.5 2.62181e+006 214327 116351 614776 837538 271601 148077 53656 195380 209816 690288
146610 146610 2.66948e-010 1.01786e-008 9.31877e-007 1.56464e-005 0.000174308 0.00145218 0.00748249 0.0215808 0.0335117 0.0296017 0.0185831 0.010644 0.00644672 0.00442764 0.0035062 0.00307738 0.00287948 0.00279947 0.00278067 0.00279139 0.00281323 0.00283574 0.00285372 0.00286497 0.00286922 0.0028699 0.00287018 0.0028703  7.73378e+006 3.18614e+006 1.5533e+006 1.03021e+006 546573 4.41128e+006 2.05709e+006 412475 1.26604e+006 1.23859e+006 200941 437855 1.05822e+006 897938 766337 179619 96530.5 61252.4 2.11099e+006 174399 95567.5 508731 696720 226704 123838 44917.8 163639 754076
812432 812432 1.50591e-009 5.74723e-008 5.26192e-006 8.82782e-005 0.000982979 0.00816729 0.0414768 0.115582 0.174173 0.154906 0.0995537 0.0579769 0.0354215 0.0244387 0.0194058 0.0170648 0.0159895 0.0155608 0.015467 0.015534 0.0156605 0.0157889 0.0158908 0.0159543 0.0159783 0.015982 0.0159836 0.0159842  3.73981e+006 5.78658e+006 2.44387e+006 1.22132e+006 828738 450416 3.71655e+006 1.72248e+006 340341 1.02901e+006 1.00812e+006 164589 356340 854296 720342 612993 144000 77762.1 49684.6 1.72093e+006 143567 79252 422548 580502 189321 103619 37631.3 768545
249706 249706 3.94773e-010 1.50729e-008 1.38003e-006 2.31373e-005 0.000257722 0.00214773 0.0110466 0.0317022 0.0489215 0.0430067 0.0268608 0.0153074 0.00924835 0.00635449 0.00504335 0.004439 0.0041645 0.00405764 0.00403722 0.00405787 0.00409327 0.0041285 0.00415623 0.00417342 0.00417986 0.00418084 0.00418125 0.00418141  2.31876e+006 3.04922e+006 4.84536e+006 2.09627e+006 1.07059e+006 743180 411028 3.2713e+006 1.39029e+006 254253 781236 807666 135653 296805 713923 603524 515892 122034 66483.1 42880.5 1.49821e+006 125869 69831.8 373543 514143 167843 91907.7 715257
870000 870000 1.40198e-009 5.35081e-008 4.89891e-006 8.2123e-005 0.000914575 0.00760254 0.0386452 0.107926 0.162712 0.143863 0.0914025 0.0526701 0.0320286 0.0221044 0.0176002 0.0155281 0.0145927 0.0142351 0.0141747 0.0142545 0.0143836 0.0145103 0.0146094 0.0146707 0.0146935 0.0146969 0.0146984 0.0146989  2.36894e+006 1.99054e+006 2.53818e+006 4.11283e+006 1.81902e+006 963700 680048 375705 2.86424e+006 1.19645e+006 223550 668224 672384 116140 249650 589959 498451 431820 107791 60417 39497.1 1.29614e+006 115315 65702.3 327415 452297 149676 740179
328003 328003 6.94676e-010 2.6488e-008 2.42508e-006 4.07182e-005 0.000453518 0.0037735 0.0193408 0.0551251 0.0847458 0.0750973 0.0475797 0.0274343 0.0166734 0.0114698 0.00908927 0.00798028 0.00746825 0.00726125 0.00721262 0.00724038 0.00729691 0.00735515 0.00740168 0.00743078 0.00744179 0.00744355 0.00744428 0.00744458  5.4312e+006 1.85753e+006 1.60308e+006 2.09394e+006 3.46182e+006 1.56681e+006 845514 576604 293443 2.07273e+006 869094 167322 503410 506977 87916.8 190554 455450 389894 342457 86617.7 49106.1 32390.6 1.06963e+006 95549.7 54565.3 272214 376222 740381
350990 350990 9.41448e-010 3.59329e-008 3.2899e-006 5.51919e-005 0.000614643 0.00511374 0.0261368 0.0739395 0.11283 0.0999125 0.0634501 0.036634 0.0222784 0.0153363 0.0121657 0.0106937 0.0100182 0.00974911 0.00969054 0.00973288 0.00981251 0.00989331 0.00995746 0.00999742 0.0100125 0.0100148 0.0100158 0.0100162  2.96183e+006 4.06027e+006 1.42536e+006 1.26097e+006 1.6829e+006 2.84738e+006 1.3153e+006 698009 457354 224856 1.59984e+006 687232 133572 401188 402670 69878 151522 363368 313096 277259 70832 40443.6 26799.4 884493 79359.1 45417.1 225821 927782
272756 272756 6.72475e-010 2.56791e-008 2.35112e-006 3.94184e-005 0.000439012 0.00365585 0.0187413 0.0533742 0.0818355 0.0721176 0.0453496 0.0259764 0.0157344 0.010821 0.00858972 0.00755969 0.00709108 0.00690807 0.0068724 0.00690683 0.00696653 0.0070261 0.00707305 0.00710217 0.00711308 0.00711475 0.00711545 0.00711572  836285 2.41362e+006 3.39866e+006 1.22222e+006 1.1049e+006 1.50896e+006 2.60511e+006 1.17604e+006 590497 367823 182090 1.33323e+006 578710 112588 337715 339134 59065 128924 311880 271284 242346 62354.2 35784.7 23791.2 786709 70655.3 40455.4 1.02785e+006
1.16938e+006 1.16938e+006 2.51768e-009 9.60967e-008 8.79826e-006 0.000147541 0.0016423 0.0136108 0.0682918 0.185181 0.272652 0.243613 0.159091 0.0936422 0.0575604 0.0398775 0.031765 0.0280022 0.0262868 0.0256164 0.0254861 0.0256128 0.0258321 0.0260507 0.026223 0.0263298 0.0263699 0.0263761 0.0263786 0.0263797  689133 922925 2.00825e+006 2.88151e+006 1.08376e+006 1.01765e+006 1.37193e+006 2.32148e+006 1.00787e+006 493138 306372 155173 1.09532e+006 477936 96951.6 281704 280362 52020.1 112824 268890 234255 211830 57986.1 33984.6 22643 689240 66043.8 965465
492127 492127 1.0662e-009 4.06621e-008 3.72283e-006 6.24952e-005 0.000695945 0.00578511 0.0295172 0.0832621 0.126852 0.112625 0.0718358 0.0416128 0.0253531 0.017465 0.0138532 0.0121715 0.0113966 0.0110849 0.0110136 0.011058 0.0111456 0.0112354 0.011307 0.0113517 0.0113686 0.0113712 0.0113723 0.0113728  948542 540052 742965 1.65612e+006 2.4262e+006 932867 886795 1.1249e+006 1.64759e+006 629110 316066 214630 114414 826694 365054 74732.4 219247 220586 41408.2 90840.2 218682 192030 174619 47972.7 28173.5 18790.4 572245 856651
513020 513020 1.30231e-009 4.97499e-008 4.55509e-006 7.63636e-005 0.000850212 0.00706915 0.035972 0.100693 0.152168 0.134823 0.0860825 0.0498849 0.0303912 0.0209438 0.0166309 0.014633 0.0137208 0.0133619 0.013289 0.0133525 0.0134656 0.0135791 0.0136688 0.0137245 0.0137454 0.0137486 0.01375 0.0137505  865801 712273 416079 588318 1.33002e+006 1.99271e+006 781163 723615 862153 1.19619e+006 462548 241530 166883 89450.1 645149 285166 58694.8 172798 175035 33238.8 73431.3 177689 156702 142962 39463.3 23217.2 15490.5 1.17446e+006
190331 190331 5.16592e-010 1.97341e-008 1.80682e-006 3.02802e-005 0.000337252 0.0028102 0.0144325 0.0412626 0.0634367 0.0557468 0.0348606 0.0198807 0.0120151 0.00825816 0.00655736 0.00577474 0.00542042 0.00528362 0.00525881 0.00528704 0.00533413 0.00538069 0.00541725 0.00543988 0.00544833 0.00544961 0.00545014 0.00545035  849348 703428 595501 356386 514198 1.18894e+006 1.81532e+006 689206 590929 655645 917124 369159 196296 136266 73106.8 528652 235003 48780.3 145086 148535 28479.3 63404.3 154272 136538 124821 34491 20301.6 1.04081e+006
1.18599e+006 1.18599e+006 3.33499e-009 1.27304e-007 1.16555e-005 0.000195419 0.0021748 0.0179911 0.0894412 0.237423 0.343517 0.308483 0.204524 0.121711 0.0752642 0.0523082 0.0417385 0.0368317 0.0345971 0.0337279 0.0335642 0.0337357 0.0340272 0.0343166 0.0345442 0.0346852 0.0347381 0.0347462 0.0347496 0.0347509  994856 766574 656933 563126 342422 537929 1.08984e+006 1.62326e+006 609604 514862 547352 760218 303233 163061 113113 61932.2 428944 195952 44116.4 126331 127751 26575.2 58120.3 136955 120144 110476 32886.6 953866
300996 300996 9.32164e-010 3.5559e-008 3.25562e-006 5.46425e-005 0.000608536 0.00506133 0.0258691 0.0732304 0.111878 0.0991993 0.0630823 0.0364639 0.0221896 0.0152767 0.0121145 0.0106431 0.00996565 0.00969359 0.00963181 0.00967118 0.0097483 0.00982718 0.00989003 0.00992925 0.00994407 0.00994641 0.00994739 0.00994778  1.05243e+006 779707 617277 541894 474099 294596 466787 873059 1.07518e+006 341250 299376 359874 538697 222772 122044 85746.5 47504.5 333052 154057 35100.5 101559 103535 21660.5 47545.1 112267 98588.2 90698.1 810325
475477 475477 1.88116e-009 7.18993e-008 6.58319e-006 0.000110313 0.00122792 0.0101976 0.0515442 0.142003 0.211656 0.188064 0.121319 0.0708171 0.0433096 0.0299093 0.0237827 0.0209469 0.0196562 0.019153 0.0190562 0.0191527 0.0193186 0.0194839 0.019614 0.0196946 0.0197248 0.0197294 0.0197313 0.0197321  1.67575e+006 788285 602297 486380 436877 390916 247662 384420 677679 794679 255094 231198 280844 421248 174068 95457.4 67267.8 37506.4 264242 123400 28454.5 82657.4 84561.6 17814.8 39123.6 92296 81043 741622
533458 533458 3.08609e-009 1.17982e-007 1.08026e-005 0.000180912 0.00201312 0.016673 0.0831067 0.221732 0.321697 0.287507 0.189126 0.111875 0.0689362 0.0478372 0.0381703 0.0337073 0.0316919 0.0309237 0.0307973 0.0309735 0.0312552 0.0315311 0.0317467 0.0318797 0.0319293 0.0319367 0.0319398 0.031941  5.13441e+006 1.35947e+006 658778 515689 424539 389847 354641 214626 298228 475160 565221 193100 180970 222644 335726 139488 77093.6 54877 30949.7 220571 104065 24192.2 70682.5 72581.5 15323.4 33687.5 79509.8 708891
511212 511212 4.02866e-009 1.53882e-007 1.40891e-005 0.00023609 0.0026266 0.0216953 0.10698 0.278792 0.397232 0.357752 0.23987 0.143912 0.08938 0.0622685 0.0497668 0.0439708 0.0413427 0.040333 0.040158 0.0403778 0.0407366 0.0410895 0.0413659 0.0415367 0.0416005 0.0416102 0.0416142 0.0416158  4.26502e+006 4.16542e+006 1.21945e+006 596161 513662 405747 381942 320401 165279 218790 300794 382466 146812 145720 169931 257127 109310 63288.4 46296.2 27077.6 180275 87865.8 22714.6 62146.4 61744.5 14401.4 30707.4 689482
540309 540309 5.84756e-009 2.23082e-007 2.04243e-005 0.000342736 0.00381099 0.0313149 0.151288 0.377296 0.52053 0.476785 0.333324 0.206789 0.130761 0.0917294 0.0733787 0.0647359 0.0607374 0.0591327 0.0587743 0.0590154 0.0594791 0.0599516 0.0603272 0.0605615 0.0606501 0.0606642 0.0606701 0.0606725  4.21163e+006 3.33498e+006 3.35089e+006 1.00498e+006 500876 440725 350041 299079 199230 83773.3 116011 185160 258402 103813 105522 125065 191992 82791.1 48611.3 36027 21307.3 143088 70162.3 18208.1 49924.8 49654.5 11587.1 579610
500055 500055 7.46823e-009 2.85814e-007 2.61706e-005 0.000438008 0.00486627 0.0398787 0.189095 0.452207 0.602986 0.553576 0.39468 0.24847 0.158346 0.111622 0.0896696 0.0794192 0.0747666 0.0729897 0.0726979 0.073107 0.0737601 0.0743989 0.0748978 0.0752056 0.0753204 0.0753378 0.075345 0.0753479  4.07907e+006 3.1459e+006 2.55468e+006 2.62951e+006 808279 410913 360597 248841 153545 77180.1 35489.1 63308.6 117398 177395 74274.1 76968.5 91907.7 142391 62038 36833.1 27550.9 16419.7 110264 54294.5 14191.8 38802.5 38532.8 459621
