50100.5 50100.5 6.44426e-005 9.94423e-008 1.00607e-008 1.39698e-006 8.45565e-005 0.000872557 0.00407814 0.0112307 0.0173055 0.0154933 0.01004 0.00604933 0.00391467 0.00290629 0.00250477 0.00238707 0.00240427 0.0024875 0.00259788 0.00271077 0.00281078 0.0028895 0.00294405 0.00297498 0.00298513 0.00298583 0.00298613 0.00298624  2.29618e+006 1.57112e+006 1.46603e+006 1.38662e+006 1.0742e+006 808243 829984 844051 674417 505235 506071 511958 411382 310402 305187 298624 237118 180402 177497 173844 142420 113511 114061 111955 93928.9 77338.4 77897.9 177946
49681.8 49681.8 5.95832e-005 9.19427e-008 9.30202e-009 1.29163e-006 7.81804e-005 0.000806783 0.0037712 0.0103882 0.0160106 0.0143321 0.00928491 0.00559322 0.00361916 0.0026868 0.00231557 0.00220675 0.00222265 0.00229961 0.00240165 0.00250602 0.00259849 0.00267128 0.00272171 0.0027503 0.00275969 0.00276034 0.00276061 0.00276072  2.31918e+006 1.88249e+006 1.31798e+006 1.2618e+006 1.23342e+006 983437 761472 779460 787344 629608 478572 479755 478239 384089 292661 285846 275907 221571 172960 170890 165737 137799 112740 113229 109165 92495.8 77948.4 253645
89661.3 89661.3 0.000106665 1.64598e-007 1.66527e-008 2.31232e-006 0.000139956 0.00144386 0.00674105 0.0185194 0.0284787 0.0255131 0.0165642 0.00999401 0.00647216 0.0048067 0.00414322 0.0039487 0.00397713 0.00411471 0.00429713 0.0044837 0.00464897 0.00477906 0.00486919 0.00492029 0.00493706 0.00493823 0.00493872 0.00493891  2.09228e+006 1.8982e+006 1.57854e+006 1.13177e+006 1.10992e+006 1.11121e+006 906822 699881 711310 713997 571645 434805 432257 427183 340613 258383 252151 244067 197119 154976 154207 150444 125623 103070 103689 100058 84819.9 304155
52406.3 52406.3 6.82559e-005 1.05326e-007 1.0656e-008 1.47965e-006 8.95601e-005 0.000924168 0.00431896 0.0118913 0.0183203 0.016403 0.0106316 0.0064066 0.00414618 0.00307828 0.00265304 0.00252838 0.0025466 0.00263476 0.00275166 0.00287122 0.00297714 0.00306052 0.00311829 0.00315104 0.00316179 0.00316254 0.00316285 0.00316298  1.20097e+006 1.54432e+006 1.43475e+006 1.22248e+006 898023 901949 923684 749706 571641 574689 578348 465543 352517 348005 341547 271295 205803 201381 195895 159388 126298 126392 123737 103646 85253.8 85831.9 82797.5 322185
40453.4 40453.4 5.07469e-005 7.83083e-008 7.92257e-009 1.10008e-006 6.65863e-005 0.000687182 0.00321287 0.00885477 0.0136535 0.0122212 0.00791487 0.00476675 0.00308394 0.00228928 0.00197291 0.00188018 0.00189373 0.00195931 0.00204627 0.00213522 0.00221402 0.00227606 0.00231904 0.00234341 0.0023514 0.00235196 0.00235219 0.00235228  937657 982954 1.29496e+006 1.23203e+006 1.07533e+006 809025 831578 848491 683101 517182 520787 524960 419343 314911 308689 301636 239392 182112 179212 175579 143868 114675 115254 113152 94936.1 78160.8 78728.6 371565
28747.9 28747.9 3.36942e-005 5.19931e-008 5.26027e-009 7.30409e-007 4.42111e-005 0.000456314 0.00213441 0.00588828 0.009087 0.0081318 0.00526253 0.00316768 0.00204882 0.00152069 0.00131047 0.00124886 0.00125786 0.00130144 0.00135922 0.00141832 0.00147068 0.00151191 0.00154047 0.00155666 0.00156197 0.00156234 0.0015625 0.00156256  979446 790789 856637 1.12818e+006 1.08474e+006 984434 762350 781648 793330 639797 490936 494055 490466 391437 296767 289004 278614 223615 174500 172449 167332 139137 113817 114338 110285 93436.9 78713.5 449651
105735 105735 0.000123644 1.90802e-007 1.9304e-008 2.68043e-006 0.000162235 0.00167352 0.00780993 0.021435 0.0329345 0.0295117 0.0191742 0.0115748 0.00749795 0.00556925 0.00480076 0.00457543 0.00460837 0.00476774 0.00497905 0.00519515 0.00538659 0.00553726 0.00564166 0.00570084 0.00572026 0.00572162 0.00572218 0.00572241  1.13225e+006 801668 663104 735613 992374 977275 908072 701897 716713 724773 584840 448104 446501 439064 347743 262428 255332 246847 199255 156612 155877 152155 127066 104240 104892 101266 85837.2 485521
59572.7 59572.7 7.73327e-005 1.19334e-007 1.20733e-008 1.67642e-006 0.00010147 0.00104701 0.0048919 0.0134617 0.0207302 0.0185629 0.012036 0.0072549 0.00469584 0.0034866 0.00300503 0.00286385 0.00288449 0.00298433 0.00311672 0.00325212 0.00337207 0.0034665 0.00353192 0.00356901 0.00358118 0.00358203 0.00358238 0.00358252  1.61171e+006 837446 608125 514944 584829 806459 811773 749891 571504 576262 584515 474903 362617 358999 350684 276719 208839 203740 197948 160966 127509 127635 125020 104730 86132.8 86738.1 83711.2 472831
61555.7 61555.7 7.8909e-005 1.21769e-007 1.23165e-008 1.71052e-006 0.000103534 0.00106823 0.00499021 0.01373 0.0211407 0.0189297 0.0122737 0.00739796 0.00478824 0.00355507 0.00306394 0.00291993 0.0029409 0.00304264 0.00317756 0.00331555 0.00343781 0.00353404 0.00360071 0.00363852 0.00365092 0.00365178 0.00365214 0.00365229  5.7434e+006 1.31909e+006 702224 522201 452952 526853 743435 745236 682124 515711 520973 529705 427322 323685 318238 309523 244039 184693 181207 177313 145204 115703 116314 114252 95868.3 78916.2 79508.9 510294
51111.1 51111.1 6.42079e-005 9.90809e-008 1.0022e-008 1.39184e-006 8.42454e-005 0.000869303 0.00406251 0.011187 0.0172377 0.0154317 0.00999933 0.00602432 0.00389824 0.00289397 0.00249407 0.00237682 0.0023939 0.00247674 0.0025866 0.00269897 0.00279852 0.00287689 0.00293118 0.00296196 0.00297206 0.00297277 0.00297306 0.00297318  7.92845e+006 4.66333e+006 1.11232e+006 646518 506925 447099 524992 698162 683413 633499 485879 491603 492886 397398 303800 296734 284878 227184 176388 173811 168447 139971 114451 114994 110974 94024.3 79190.5 588679
135373 135373 0.000183602 2.83339e-007 2.86599e-008 3.9802e-006 0.000240895 0.00248387 0.0115726 0.0316512 0.0484882 0.043484 0.0283238 0.0171294 0.0111068 0.00825341 0.00711566 0.00678192 0.00683056 0.0070664 0.00737911 0.00769888 0.00798214 0.00820507 0.00835951 0.00844707 0.0084758 0.0084778 0.00847864 0.00847897  6.84638e+006 6.48839e+006 3.90998e+006 954640 568581 456598 412114 482124 636169 618522 574127 440822 442417 439786 352026 267912 261446 251696 201859 157844 156636 152699 127429 104491 105160 101575 86102.6 611766
80586.6 80586.6 0.000136887 2.11244e-007 2.13668e-008 2.96741e-006 0.000179603 0.00185242 0.00864076 0.0236953 0.0363819 0.0326042 0.0211934 0.0127978 0.0082914 0.0061589 0.00530905 0.00505979 0.0050961 0.0052722 0.00550572 0.00574454 0.0059561 0.00612261 0.00623797 0.00630338 0.00632484 0.00632634 0.00632696 0.00632721  4.04756e+006 5.0503e+006 4.90281e+006 3.02432e+006 757480 463378 380743 340159 389005 502438 490636 461208 354220 353900 349770 279023 212371 207793 201021 162391 127963 127696 124908 104556 85948.3 86564.2 83584.5 574943
58055.2 58055.2 0.000109182 1.68498e-007 1.70489e-008 2.36697e-006 0.000143262 0.00147803 0.00690031 0.0189528 0.0291353 0.0260934 0.0169367 0.0102167 0.00661543 0.00491271 0.00423443 0.0040356 0.00406468 0.00420535 0.00439186 0.0045826 0.00475158 0.00488459 0.00497674 0.00502898 0.00504613 0.00504732 0.00504782 0.00504802  1.65645e+006 3.31203e+006 4.23438e+006 4.20758e+006 2.65965e+006 682185 426666 347960 305848 344890 447019 439817 412019 314522 312335 307452 245078 187049 184036 179287 145838 115586 115830 113614 95256 78373.8 78973.3 600942
45559 45559 7.75781e-005 1.1972e-007 1.2113e-008 1.68179e-006 0.000101793 0.00105039 0.00490775 0.0135046 0.0207935 0.018616 0.0120681 0.00727312 0.00470716 0.00349481 0.00301203 0.00287051 0.00289121 0.00299131 0.00312404 0.00325979 0.00338006 0.00347473 0.00354032 0.00357751 0.00358972 0.00359056 0.00359092 0.00359106  1.17576e+006 1.3593e+006 2.76482e+006 3.65616e+006 3.68591e+006 2.38667e+006 645339 433993 363345 314883 347434 417376 401480 382770 295039 290939 282489 227658 178158 176025 169909 140299 114159 114361 110191 93297.9 78561.4 679056
207898 207898 0.000294168 4.53991e-007 4.59337e-008 6.37779e-006 0.000385976 0.0039773 0.0184809 0.0502329 0.0765487 0.0687618 0.0450068 0.0273162 0.0177464 0.0131997 0.0113846 0.010852 0.01093 0.0113068 0.0118063 0.0123169 0.0127692 0.013125 0.0133715 0.0135113 0.0135572 0.0135604 0.0135617 0.0135622  1.17642e+006 962153 1.13979e+006 2.37442e+006 3.21572e+006 3.32016e+006 2.20008e+006 592441 394727 327746 284452 314488 375003 357771 338698 259926 256101 249364 202108 159298 158506 153905 127630 104145 104502 100783 85373.7 693458
136961 136961 0.000148605 2.29293e-007 2.31667e-008 3.22067e-006 0.000194937 0.00200972 0.00936642 0.0256635 0.0393871 0.0353114 0.022969 0.0138766 0.00899251 0.00668026 0.00575838 0.00548764 0.00552648 0.00571682 0.00596939 0.00622771 0.00645655 0.00663665 0.00676143 0.00683217 0.00685538 0.006857 0.00685768 0.00685795  1.11338e+006 868588 727753 882744 1.88286e+006 2.61196e+006 2.75047e+006 1.79491e+006 467814 303723 254707 225844 251049 298170 283328 267708 205521 203030 198627 162130 128752 128812 125484 104373 85377.5 85734.5 82654.2 639530
113740 113740 8.48548e-005 1.30968e-007 1.32512e-008 1.8396e-006 0.000111343 0.00114894 0.0053672 0.0147614 0.0227162 0.0203343 0.0131827 0.00794475 0.00514146 0.00381698 0.00328955 0.00313494 0.00315755 0.0032669 0.00341191 0.00356021 0.00369159 0.00379501 0.00386667 0.00390729 0.00392062 0.00392155 0.00392194 0.00392209  847232 911022 728007 622917 775898 1.69491e+006 2.40182e+006 2.50592e+006 1.6061e+006 412408 268907 227534 201254 222468 262669 248586 234668 180616 179381 176683 145190 115950 116477 113772 94780.6 77599.5 77961.4 656886
75174.4 75174.4 4.43749e-005 6.84802e-008 6.92856e-009 9.61971e-007 5.82263e-005 0.000600953 0.00281021 0.00774743 0.0119481 0.0106914 0.00692054 0.00416628 0.00269482 0.00200018 0.00172367 0.00164263 0.00165448 0.0017118 0.00178781 0.00186555 0.00193443 0.00198865 0.00202621 0.00204751 0.0020545 0.00205499 0.00205519 0.00205527  644396 703795 767779 643353 558902 708332 1.56748e+006 2.23949e+006 2.27466e+006 1.44654e+006 391231 281532 245763 213628 226027 241640 224449 218333 172340 171765 167475 139645 114454 114920 110300 92841.7 77844.2 735633
221681 221681 0.000129033 1.99127e-007 2.01471e-008 2.79732e-006 0.000169308 0.00174647 0.0081494 0.0223595 0.034344 0.0307744 0.0199975 0.012073 0.00782102 0.0058093 0.0050077 0.00477268 0.00480706 0.00497332 0.00519375 0.00541918 0.00561888 0.00577606 0.00588496 0.0059467 0.00596696 0.00596837 0.00596896 0.0059692  608010 527319 590132 659331 565825 503438 653230 1.44205e+006 2.04904e+006 2.07081e+006 1.31746e+006 355959 253694 219387 189248 199310 212884 198298 194002 154241 154826 151861 127176 104533 105133 100999 85053.8 745443
116973 116973 8.84519e-005 1.36476e-007 1.37891e-008 1.91694e-006 0.000116031 0.00119669 0.00558583 0.0153573 0.0236376 0.0211713 0.013734 0.00828093 0.00536062 0.00398023 0.00343027 0.0032688 0.00329196 0.00340548 0.00355612 0.00371021 0.00384673 0.00395418 0.00402862 0.00407083 0.00408468 0.00408565 0.00408605 0.00408621  681033 449142 399561 457617 523421 460222 418497 539175 1.17179e+006 1.64402e+006 1.66549e+006 1.06698e+006 287868 204643 176100 151248 158920 169595 158762 156582 125466 126658 124661 104722 86293.7 86856.3 83412.6 686798
49652.5 49652.5 4.83333e-005 7.45923e-008 7.5472e-009 1.0478e-006 6.34209e-005 0.000654568 0.00306066 0.00843587 0.0130067 0.0116388 0.00753481 0.00453644 0.0029343 0.00217793 0.00187684 0.00178859 0.0018015 0.00186392 0.00194669 0.00203135 0.00210636 0.00216541 0.00220632 0.00222951 0.00223712 0.00223765 0.00223787 0.00223796  734365 557272 376447 342010 402219 471198 423550 382802 487762 1.05053e+006 1.47736e+006 1.50175e+006 955863 255896 180659 154769 132792 139885 150093 141475 140488 113215 114765 113265 95301.6 78601.3 79151.6 702079
32564 32564 3.93438e-005 6.0713e-008 6.14239e-009 8.52885e-007 5.16241e-005 0.000532811 0.00249184 0.00687193 0.0106016 0.00948736 0.00614091 0.00369685 0.00239119 0.00177483 0.00152948 0.00145757 0.00146807 0.00151893 0.00158636 0.00165534 0.00171645 0.00176456 0.00179789 0.00181679 0.00182299 0.00182342 0.0018236 0.00182367  1.38441e+006 606320 470803 336343 323776 381116 450113 408679 361436 454516 967869 1.38217e+006 1.35789e+006 858063 243337 187660 165571 141460 144456 141782 132283 135919 112393 113792 110264 93679.9 79069.2 785826
122759 122759 0.000178166 2.74948e-007 2.78167e-008 3.8625e-006 0.000233772 0.00241062 0.011234 0.0307367 0.0471015 0.0422394 0.0275085 0.0166346 0.0107856 0.00801468 0.00690993 0.00658594 0.0066333 0.00686245 0.00716626 0.00747693 0.00775212 0.00796871 0.00811875 0.00820382 0.00823173 0.00823368 0.00823449 0.00823482  6.12481e+006 1.13302e+006 508407 404265 295832 291673 351500 414227 374289 329598 414731 882174 1.24766e+006 1.21426e+006 761476 214953 165620 146537 125916 129510 128020 120156 123994 102824 104279 101138 85967.6 793909
82823.1 82823.1 0.000155552 2.40013e-007 2.42486e-008 3.37121e-006 0.000204048 0.00210353 0.00980164 0.0268449 0.0411859 0.0369271 0.0240267 0.0145185 0.00940946 0.00699031 0.00602574 0.00574244 0.00578305 0.00598218 0.00624641 0.00651667 0.00675607 0.00694449 0.00707502 0.00714903 0.00717332 0.00717501 0.00717572 0.007176  1.32775e+006 4.51629e+006 856511 393792 321294 240723 242946 289730 334207 296641 262276 333669 708989 998843 965915 603581 170762 132389 117888 101980 105457 104472 98403.2 101929 84736.5 85998.2 83377.6 726331
27012.6 27012.6 5.45026e-005 8.41118e-008 8.51038e-009 1.18154e-006 7.15157e-005 0.00073808 0.00345061 0.00950742 0.0146549 0.0131153 0.0084933 0.00511471 0.00330879 0.00245606 0.00211658 0.00201708 0.00203163 0.00210201 0.00219534 0.0022908 0.00237537 0.00244194 0.00248807 0.00251422 0.0025228 0.0025234 0.00252365 0.00252375  2.68597e+007 1.08639e+006 3.78524e+006 733037 346112 289207 221319 221217 258884 293995 262120 233969 297046 627783 879314 846916 528742 149970 116889 104791 91260 94902.1 94398.1 89152.5 92491.8 76958.9 78142.3 735942
20372.4 20372.4 4.42934e-005 6.8351e-008 6.91492e-009 9.60178e-007 5.81183e-005 0.000599814 0.00280479 0.00773274 0.0119267 0.0106739 0.00691041 0.00416072 0.00269144 0.00199777 0.00172162 0.00164068 0.0016525 0.00170973 0.00178563 0.00186325 0.00193203 0.00198617 0.00202368 0.00204495 0.00205193 0.00205242 0.00205262 0.0020527  5.29693e+006 2.16864e+007 906960 3.22087e+006 648077 318201 284205 216122 225373 254915 285443 255524 220681 274493 567688 805378 751631 471925 145160 123909 114356 99709 100675 91613.7 85271.4 91051.2 77490.6 818788
129506 129506 0.00030296 4.67565e-007 4.73031e-008 6.56833e-006 0.000397505 0.0040958 0.0190264 0.0516883 0.0787314 0.070729 0.04631 0.0281138 0.0182668 0.0135874 0.0117191 0.0111709 0.011251 0.0116388 0.0121528 0.0126782 0.0131436 0.0135098 0.0137635 0.0139073 0.0139545 0.0139578 0.0139592 0.0139597  1.95217e+006 4.33501e+006 1.81841e+007 778723 2.83287e+006 583803 293443 261443 197740 205216 232290 259933 230518 197252 243506 501300 710550 664996 419918 130093 111839 103831 90924.3 92067.4 83920.1 78181.9 83521.2 822381
74432 74432 0.000184992 2.85457e-007 2.88389e-008 4.00933e-006 0.000242664 0.0025012 0.0116456 0.03184 0.0487757 0.0437452 0.0284954 0.0172329 0.0111732 0.00830208 0.00715695 0.00682057 0.00686876 0.00710516 0.00741885 0.00773966 0.00802385 0.0082475 0.00840244 0.00849028 0.00851911 0.00852112 0.00852196 0.0085223  1.57657e+006 1.44068e+006 3.27581e+006 1.40672e+007 617687 2.29887e+006 483738 239485 206557 151386 158783 183558 206831 183345 156204 192182 395273 562180 528284 335892 105091 91124 84988.9 74609.1 75562.8 68706 64002.5 743074
50019.9 50019.9 9.52565e-005 1.47011e-007 1.48745e-008 2.06508e-006 0.00012499 0.00128964 0.00602294 0.0165559 0.0254677 0.0228043 0.014793 0.00891951 0.00577398 0.00428724 0.0036951 0.00352152 0.00354691 0.0036697 0.00383251 0.00399902 0.00414653 0.00426264 0.00434309 0.0043887 0.00440367 0.00440471 0.00440514 0.00440532  1.47666e+006 1.28973e+006 1.20741e+006 2.80323e+006 1.23622e+007 555888 2.11241e+006 439539 212783 180118 132683 140826 162736 182536 160929 136574 167885 346172 494956 468247 299709 94294.6 82092.7 76769.2 67498 68421.2 62242.3 731348
79390.6 79390.6 9.07147e-005 1.39993e-007 1.41634e-008 1.96656e-006 0.000119029 0.00122811 0.00573604 0.0157717 0.0242683 0.0217308 0.014095 0.00849808 0.00550112 0.00408469 0.00352054 0.00335516 0.00337932 0.00349628 0.00365136 0.00380997 0.00395048 0.00406109 0.00413772 0.00418117 0.00419542 0.00419641 0.00419683 0.00419699  1.49871e+006 1.22604e+006 1.09556e+006 1.05562e+006 2.45337e+006 1.10001e+007 519243 1.92303e+006 403608 197634 182218 131137 146232 161298 176675 154199 127131 154650 315938 463464 425926 275247 94623.5 89001.8 84633.4 74253.9 73027 796099
219156 219156 0.000146436 2.25989e-007 2.28593e-008 3.17449e-006 0.000192134 0.0019816 0.00924122 0.0253278 0.0388682 0.0348344 0.0226507 0.013681 0.00886463 0.00658501 0.00567646 0.00540999 0.00544883 0.00563712 0.0058868 0.00614214 0.00636833 0.00654636 0.0066697 0.00673963 0.00676258 0.00676417 0.00676484 0.00676511  2.2647e+006 1.2264e+006 1.02803e+006 940733 928420 2.2098e+006 1.01376e+007 476204 1.74456e+006 362649 177903 164540 117634 130157 142586 155507 135613 112121 137165 282219 416920 385414 250132 86232.2 81242.5 77325.2 67874.5 794674
407896 407896 0.000186921 2.8846e-007 2.91582e-008 4.05164e-006 0.00024522 0.00252796 0.0117728 0.0321869 0.0492975 0.0442077 0.0287954 0.0174138 0.0112904 0.00838918 0.00723221 0.00689256 0.00694159 0.00718086 0.00749825 0.00782284 0.00811036 0.00833664 0.0084934 0.00858227 0.00861144 0.00861348 0.00861432 0.00861466  2.08256e+006 1.67282e+006 927781 796206 746928 754341 1.83362e+006 8.34243e+006 385700 1.38999e+006 290266 143705 133052 94410.6 104039 113354 123481 107928 89626 110353 228502 339756 314932 204990 71027.8 67154.5 63969.5 711605
53899.9 53899.9 1.94534e-005 3.00228e-008 3.0377e-009 4.21721e-007 2.55261e-005 0.000263507 0.00123303 0.00340405 0.00525562 0.0047005 0.00303893 0.00182781 0.00118163 0.00087681 0.000755511 0.000719964 0.000725162 0.000750305 0.000783647 0.000817751 0.000847968 0.000871756 0.000888238 0.000897583 0.00090065 0.000900863 0.000900952 0.000900987  2.44946e+006 1.70362e+006 1.4022e+006 794953 699858 672321 693517 1.6677e+006 7.41898e+006 336505 1.21859e+006 257485 127418 117434 82876.4 90978.2 99045.5 108178 95063.5 79482.4 98526.2 205168 306308 284694 185599 64366.1 60885.3 703364
33817.7 33817.7 1.35444e-005 2.09012e-008 2.1146e-009 2.9361e-007 1.77721e-005 0.000183458 0.000858558 0.00237118 0.00366258 0.00327621 0.00211807 0.00127397 0.000823631 0.000611188 0.000526648 0.000501872 0.000505491 0.000523012 0.000546246 0.000570011 0.000591068 0.000607645 0.00061913 0.000625643 0.00062778 0.000627928 0.00062799 0.000628015  2.5882e+006 2.011e+006 1.44761e+006 1.25972e+006 720541 651992 649141 656436 1.53016e+006 6.72707e+006 318766 1.10765e+006 237674 119412 120744 81444.6 94044.4 98876.5 107163 93720.7 76640.1 94196.2 194057 296159 264756 173544 65912.4 791504
79108.7 79108.7 4.33296e-005 6.68628e-008 6.76301e-009 9.39246e-007 5.68516e-005 0.00058671 0.00274331 0.00756329 0.0116658 0.0104403 0.0067588 0.00406924 0.00263217 0.00195372 0.00168363 0.00160444 0.00161597 0.00167191 0.00174611 0.00182199 0.00188922 0.00194215 0.00197882 0.00199961 0.00200643 0.00200691 0.00200711 0.00200719  2.19701e+006 2.11813e+006 1.68622e+006 1.24302e+006 1.10794e+006 649082 601525 598387 603993 1.40535e+006 6.17664e+006 291654 1.0019e+006 212761 106033 106702 71903.5 83261.9 88045.2 96117.4 84664.7 69651.2 85980.4 177643 271564 242992 159354 787526
85612.8 85612.8 7.20588e-005 1.11185e-007 1.1236e-008 1.56172e-006 9.453e-005 0.000975106 0.00455392 0.0125324 0.0193049 0.0172864 0.0112059 0.00675313 0.00437038 0.00324456 0.00279613 0.0026645 0.00268343 0.00277605 0.00289894 0.00302465 0.00313602 0.00322368 0.00328442 0.00331886 0.00333016 0.00333095 0.00333127 0.00333141  1.06196e+006 1.62616e+006 1.60138e+006 1.3048e+006 986321 901532 540233 499437 494639 496233 1.15399e+006 5.06589e+006 237467 806646 170195 84517.1 85326.6 57556.8 67138.5 71409 78487.5 69500.8 57357.3 70963.8 146782 224747 200874 785566
34783.8 34783.8 3.65296e-005 5.63726e-008 5.7037e-009 7.91897e-007 4.79324e-005 0.000494736 0.00231401 0.00638243 0.00984699 0.00881063 0.00570144 0.00343163 0.00221939 0.00164722 0.00141948 0.00135273 0.00136249 0.0014097 0.00147231 0.00153635 0.00159308 0.00163774 0.00166869 0.00168623 0.00169199 0.00169239 0.00169256 0.00169262  859957 868984 1.36304e+006 1.37137e+006 1.14694e+006 887993 830055 494894 453388 445718 447980 1.04382e+006 4.54785e+006 211416 713007 149756 74290.6 75197.8 51002.8 59908 64158.9 70926.7 63069 52193.2 64678.9 133903 205125 900555
28754.8 28754.8 3.15599e-005 4.87004e-008 4.92708e-009 6.84142e-007 4.14106e-005 0.000427417 0.00199933 0.00551625 0.00851356 0.00761818 0.00492953 0.00296695 0.00191887 0.00142419 0.00122729 0.00116958 0.00117801 0.00121882 0.00127294 0.00132829 0.00137734 0.00141595 0.0014427 0.00145786 0.00146284 0.00146319 0.00146333 0.00146339  1.03009e+006 710526 740906 1.27906e+006 1.2194e+006 1.04291e+006 842203 813795 473865 435138 438229 423608 943473 4.02555e+006 196984 628061 136004 69593.6 78546.4 51458.8 63586.7 66243.6 72872.5 63957.7 51520.1 62941.8 128488 1.10522e+006
72916.2 72916.2 7.88766e-005 1.21716e-007 1.23113e-008 1.70982e-006 0.000103491 0.00106779 0.0049882 0.0137248 0.0211337 0.0189246 0.0122712 0.00739687 0.00478774 0.0035548 0.00306375 0.00291977 0.00294074 0.00304247 0.00317738 0.00331535 0.0034376 0.00353382 0.00360048 0.00363828 0.00365069 0.00365155 0.00365191 0.00365205  1.07688e+006 843080 595791 636205 1.12504e+006 1.09854e+006 962002 775480 746415 433118 397899 400035 382795 844403 3.57513e+006 174133 554693 120455 61991 70471.2 46498.3 57800.8 60477.3 66719.6 58655.4 47292.2 57804.4 1.13332e+006
97235.7 97235.7 0.000112686 1.73876e-007 1.75728e-008 2.44232e-006 0.000147828 0.00152453 0.00711275 0.0195294 0.0300236 0.0269007 0.0174695 0.0105417 0.006827 0.00507007 0.00436994 0.00416442 0.00419402 0.00433869 0.00453063 0.00472695 0.00490087 0.00503776 0.0051326 0.00518637 0.00520402 0.00520524 0.00520576 0.00520596  603940 796342 638553 461542 505404 916265 913063 795974 636208 608193 353286 325467 325336 308235 674213 2.84078e+006 138613 441731 96590.6 50118.8 57605.1 38170.4 47714 50005.7 55250.7 48580.8 39146 986384
41680.2 41680.2 4.69011e-005 7.23781e-008 7.32301e-009 1.01674e-006 6.15411e-005 0.000635155 0.00296998 0.0081869 0.0126248 0.0112982 0.00731482 0.00440429 0.00284899 0.0021147 0.00182239 0.00173671 0.00174924 0.00180984 0.0018902 0.00197239 0.00204521 0.00210253 0.00214224 0.00216476 0.00217215 0.00217267 0.00217288 0.00217297  655319 494184 667511 546940 405725 455021 843222 834348 717412 566893 543600 317541 291114 288999 272033 592497 2.49413e+006 122017 390961 86080 44971 51984.7 34589.2 43355.6 45510.6 50329.2 44274.6 934886
34208.4 34208.4 3.7088e-005 5.72322e-008 5.79041e-009 8.03989e-007 4.86645e-005 0.000502278 0.00234921 0.00647946 0.00999716 0.00894609 0.00578995 0.0034853 0.00225426 0.00167317 0.00144186 0.00137407 0.00138398 0.00143193 0.00149551 0.00156054 0.00161816 0.00166351 0.00169494 0.00171276 0.0017186 0.00171901 0.00171918 0.00171925  822076 541898 419785 615038 512906 379897 444067 842416 776187 663499 539350 536700 303291 277380 281786 251138 525027 2.18714e+006 115579 350313 80487.3 43582.5 55814.5 35841.9 46601.2 47561.5 52347.3 979216
76730.7 76730.7 8.94514e-005 1.38039e-007 1.39638e-008 1.93911e-006 0.000117368 0.00121093 0.00565563 0.0155518 0.0239336 0.0214338 0.0139038 0.00838336 0.00542706 0.00402975 0.0034732 0.00331002 0.00333382 0.00344916 0.0036021 0.00375853 0.00389711 0.0040062 0.00408177 0.00412462 0.00413868 0.00413966 0.00414007 0.00414023  1.19007e+006 672798 454392 360483 540966 462056 350398 408749 771899 708307 605792 491791 484586 271255 246187 248944 221666 464723 1.94704e+006 103634 316353 73119.4 39764.7 51071 32850.5 42751 43652.9 947052
80620.6 80620.6 0.000120155 1.85413e-007 1.87446e-008 2.6044e-006 0.000157635 0.00162577 0.00758482 0.0208173 0.0319897 0.0286621 0.0186175 0.0112362 0.00727741 0.0054048 0.00465857 0.0044396 0.00447127 0.00462562 0.00483037 0.00503978 0.00522529 0.00537131 0.00547247 0.00552983 0.00554865 0.00554996 0.00555051 0.00555073  1.22791e+006 879560 509178 352064 286352 440958 385142 290294 335380 627299 575519 493848 398829 390472 216876 196043 198363 176725 371988 1.56874e+006 84341.8 258280 60037 32780 42323.7 27210.8 35464.4 820075
12258.7 12258.7 2.09044e-005 3.22586e-008 3.26322e-009 4.53146e-007 2.74287e-005 0.000283116 0.00132461 0.00365666 0.00564612 0.00505104 0.00326653 0.00196517 0.00127064 0.000942943 0.000812524 0.000774295 0.00077987 0.000806887 0.000842718 0.000879369 0.000911842 0.000937405 0.000955117 0.00096516 0.000968456 0.000968685 0.00096878 0.000968818  1.35504e+006 1.0047e+006 737328 436441 309519 257822 405881 351978 261463 298368 559786 516700 441365 354056 344421 190496 172045 174545 156361 331414 1.40726e+006 76096.5 234003 54543.6 29828.4 38547.4 24794.9 779795
10408 10408 1.75135e-005 2.70259e-008 2.73426e-009 3.79651e-007 2.29801e-005 0.000237212 0.00111001 0.00306494 0.00473329 0.00423423 0.00273792 0.00164701 0.00106488 0.000790244 0.000680948 0.000648916 0.000653596 0.000676247 0.000706286 0.000737011 0.000764234 0.000785664 0.000800513 0.000808932 0.000811695 0.000811887 0.000811967 0.000811999  1.78101e+007 1.22086e+006 866206 667686 398680 290188 251231 416543 356778 255648 300071 557009 478279 403943 332339 333206 179594 163844 173083 147611 301594 1.2689e+006 74745.5 214609 52091.8 29400 41559.6 814152
26361.5 26361.5 4.90422e-005 7.56809e-008 7.6566e-009 1.06313e-006 6.43495e-005 0.000664113 0.0031051 0.00855824 0.0131963 0.0118104 0.00764738 0.00460494 0.00297893 0.0022112 0.00190556 0.00181597 0.00182906 0.0018924 0.00197641 0.00206233 0.00213845 0.00219838 0.0022399 0.00226344 0.00227116 0.0022717 0.00227192 0.00227201  2.93415e+006 1.45757e+007 1.0237e+006 743792 587247 359147 267715 231530 382995 327320 234505 274382 503658 428067 358647 293668 294153 158993 145885 155231 133336 274065 1.15811e+006 68415.7 196764 47804.4 26993.2 785877
27370.2 27370.2 6.14505e-005 9.48289e-008 9.59114e-009 1.33205e-006 8.06266e-005 0.000831971 0.00388815 0.0107081 0.0165011 0.0147705 0.00956897 0.00576408 0.00372943 0.00276846 0.00238582 0.00227362 0.00228995 0.00236919 0.00247428 0.00258177 0.002677 0.00275197 0.00280391 0.00283335 0.00284302 0.00284369 0.00284397 0.00284408  1.62556e+006 2.16633e+006 1.10113e+007 794740 591188 478075 299147 222409 191410 315456 269673 192886 223917 406741 342393 285547 233934 235250 127762 118107 126763 109277 225190 953705 56623.7 162518 39564 674370
19799.7 19799.7 4.62404e-005 7.13635e-008 7.21877e-009 1.00239e-006 6.0672e-005 0.000626169 0.00292764 0.00806941 0.0124417 0.0111312 0.00720416 0.00433641 0.00280452 0.00208143 0.00179359 0.00170921 0.0017215 0.00178112 0.00186019 0.00194107 0.00201273 0.00206913 0.00210822 0.00213038 0.00213765 0.00213815 0.00213836 0.00213845  1.66307e+006 1.33015e+006 1.81626e+006 9.44823e+006 698837 532419 440613 274702 202693 173291 285917 244587 173473 199616 359932 301613 251304 206449 208786 114199 106315 114781 99372.4 205359 871156 51769.7 148657 653226
17580.8 17580.8 3.60885e-005 5.56934e-008 5.6341e-009 7.82316e-007 4.73523e-005 0.000488736 0.00228577 0.00630428 0.00972589 0.00870125 0.00562984 0.00338811 0.00219104 0.00162608 0.00140121 0.00133529 0.00134491 0.0013915 0.00145329 0.00151648 0.00157248 0.00161656 0.0016471 0.00166442 0.0016701 0.00167049 0.00167066 0.00167072  1.69192e+006 1.49182e+006 1.18586e+006 1.59847e+006 8.21018e+006 681844 525799 434967 266219 196447 172453 296766 248184 168032 197895 343855 272753 227676 195251 205162 110333 104097 117060 95860.6 189391 790568 51362.4 795216
63716.9 63716.9 0.000104188 1.60793e-007 1.62632e-008 2.25856e-006 0.000136701 0.00141025 0.00658353 0.0180863 0.0278101 0.0249057 0.0161628 0.0097481 0.00631117 0.00468631 0.00403904 0.00384922 0.00387684 0.00401091 0.00418871 0.00437056 0.00453166 0.00465846 0.00474632 0.00479613 0.00481247 0.00481361 0.00481409 0.00481428  1.66281e+006 1.38437e+006 1.2508e+006 1.01801e+006 1.40562e+006 7.39432e+006 628743 483819 398395 242790 179165 156981 267365 221408 148729 174334 302625 240722 202092 174563 184736 99943.1 94704.2 106803 87607.1 173243 723511 774984
106659 106659 0.000122745 1.89423e-007 1.91418e-008 2.66037e-006 0.000161022 0.00166054 0.00774469 0.0212493 0.0326442 0.0292431 0.0189922 0.0114605 0.00742153 0.00551118 0.00474989 0.00452638 0.00455851 0.00471573 0.00492435 0.00513773 0.00532677 0.00547556 0.00557864 0.00563708 0.00565626 0.0056576 0.00565816 0.00565838  684351 1.22724e+006 1.04654e+006 970342 808764 1.14196e+006 6.13607e+006 520325 395845 322155 196656 145763 127138 215157 176865 118150 138553 240704 192188 162485 141554 150831 81873.5 77821.4 88043.4 72115.8 142414 1.23345e+006
45377.1 45377.1 3.08944e-005 4.76833e-008 4.82469e-009 6.6976e-007 4.05388e-005 0.000418468 0.00195757 0.00540049 0.00833235 0.00745229 0.00481958 0.00289944 0.00187457 0.00139103 0.00119859 0.0011422 0.00115045 0.00119034 0.00124323 0.00129734 0.00134528 0.00138301 0.00140916 0.00142399 0.00142885 0.00142919 0.00142933 0.00142939  596326 559742 1.02855e+006 896050 852656 727814 1.05037e+006 5.60034e+006 467726 351262 286642 175989 129810 112430 189002 154688 103232 121373 212008 170446 145091 127126 136020 74036.1 70484.5 79814.2 65406.7 1.2482e+006
35756.9 35756.9 1.84093e-005 2.84118e-008 2.87465e-009 3.99086e-007 2.4156e-005 0.000249365 0.00116687 0.00322153 0.00497389 0.00444821 0.00287551 0.00172937 0.00111793 0.000829519 0.000714751 0.000681118 0.000686034 0.000709821 0.000741365 0.00077363 0.000802218 0.000824723 0.000840317 0.000849158 0.000852059 0.000852261 0.000852345 0.000852378  391759 719323 489920 905915 796003 829763 715398 993701 5.08096e+006 459830 356403 285203 170981 125570 111285 191587 154714 100218 122339 205427 158585 135721 124316 137009 73029.1 70097.2 82385.4 1.25205e+006
110003 110003 6.18398e-005 9.544e-008 9.65527e-009 1.34059e-006 8.11416e-005 0.000837372 0.00391379 0.0107783 0.0166063 0.0148614 0.00962582 0.00579732 0.00375046 0.00278387 0.00239904 0.00228623 0.00230269 0.00238244 0.0024882 0.00259636 0.0026922 0.00276763 0.0028199 0.00284954 0.00285926 0.00285994 0.00286022 0.00286033  432988 320510 603115 420708 796586 716872 765387 659191 913275 4.65709e+006 421164 325224 257234 152587 111140 98016.9 168578 136519 88945.4 109370 184976 143661 123488 113439 125232 66813.5 64161.9 1.22178e+006
70574 70574 5.70323e-005 8.80162e-008 8.90022e-009 1.23625e-006 7.48273e-005 0.000772128 0.00360846 0.00993926 0.0153176 0.0137077 0.00887685 0.0053454 0.00345776 0.00256644 0.00221156 0.00210748 0.00212258 0.00219601 0.00229341 0.00239304 0.00248131 0.00255079 0.00259894 0.00262623 0.00263519 0.00263581 0.00263607 0.00263618  422273 321560 243216 471865 334438 647503 596034 635422 543051 746026 3.80112e+006 344867 264607 207128 121888 88395.4 78004.4 134615 109584 71840 89080 151210 117749 101501 93547.2 103452 55173.8 1.06108e+006
36046.4 36046.4 3.70678e-005 5.72108e-008 5.78867e-009 8.03591e-007 4.8639e-005 0.000502055 0.00234814 0.00647516 0.00998528 0.00892765 0.00577241 0.00347222 0.00224484 0.0016658 0.00143537 0.00136784 0.00137771 0.00142547 0.0014888 0.00155358 0.00161097 0.00165615 0.00168745 0.0017052 0.00171103 0.00171143 0.0017116 0.00171167  321637 345441 269561 208574 414793 301095 596571 547147 579070 491710 675909 3.44339e+006 309576 235339 182812 107074 77573.8 68641.6 119127 97667.6 64480.3 80427.2 137108 107070 92448.1 85281.2 94356 1.01839e+006
28385.3 28385.3 3.37344e-005 5.20629e-008 5.26752e-009 7.31308e-007 4.42643e-005 0.000456886 0.00213695 0.0058936 0.00908872 0.00812317 0.00524952 0.00315666 0.00204059 0.0015142 0.00130474 0.00124335 0.00125231 0.00129571 0.00135326 0.00141213 0.00146428 0.00150534 0.00153379 0.00154991 0.00155521 0.00155557 0.00155573 0.00155579  368884 286394 373503 275404 203083 479630 299564 570888 511037 566373 479804 632218 3.0583e+006 294239 234967 176176 101984 74710.7 68854.2 122409 99989.7 64663 83527.5 135121 101240 87452.2 84135.3 1.07454e+006
63690.6 63690.6 8.8862e-005 1.37143e-007 1.38735e-008 1.92638e-006 0.000116596 0.00120303 0.00561882 0.0154499 0.023773 0.0212839 0.0138022 0.00831994 0.00538502 0.0039981 0.00344573 0.00328379 0.00330741 0.00342187 0.00357367 0.00372891 0.00386645 0.00397471 0.00404971 0.00409224 0.0041062 0.00410717 0.00410757 0.00410773  640642 301808 240129 320730 242176 182896 442306 275700 522950 465741 515155 434520 565727 2.70775e+006 258390 205343 153814 89290.6 65789.2 61072.5 109355 89863.6 58368.2 75613.5 122524 91886.2 79410.3 1.05242e+006
67506.8 67506.8 0.000123291 1.90273e-007 1.92372e-008 2.67246e-006 0.000161749 0.0016682 0.00778124 0.0213426 0.0327524 0.0292813 0.0189734 0.011432 0.00739843 0.00549295 0.00473401 0.00451133 0.00454349 0.00470035 0.00490843 0.00512124 0.00530978 0.00545818 0.00556099 0.00561928 0.0056384 0.00563973 0.00564028 0.0056405  587461 474182 229353 186573 256124 197908 152799 368435 226323 424266 378116 419991 351870 453700 2.15287e+006 205114 163362 122502 71489.7 53069 49692 89521.7 73848.1 48065.1 62443.8 101024 75683.4 933178
34594 34594 7.4532e-005 1.15044e-007 1.16399e-008 1.61582e-006 9.77966e-005 0.00100922 0.00471517 0.0129708 0.0199518 0.0178258 0.0115278 0.00693555 0.00448461 0.00332816 0.00286788 0.00273297 0.00275265 0.002848 0.00297443 0.00310375 0.00321832 0.0033085 0.00337099 0.00340642 0.00341804 0.00341885 0.00341918 0.00341932  1.01394e+006 480538 397482 196607 163993 230542 182114 139547 331182 200389 375125 334683 368807 306421 392310 1.85329e+006 176403 140869 106219 62420.9 46657.8 43942 79495 65758.3 42868.8 55743.2 90226.6 901283
27126.2 27126.2 6.15201e-005 9.49511e-008 9.60575e-009 1.33367e-006 8.07221e-005 0.000833055 0.00389354 0.0107218 0.016516 0.0147752 0.00956592 0.00575947 0.00372535 0.002765 0.00238269 0.00227062 0.00228697 0.00236618 0.00247122 0.00257866 0.00267385 0.00274878 0.0028007 0.00283014 0.0028398 0.00284047 0.00284075 0.00284086  655479 1.30699e+006 406128 375085 197825 163657 254333 197323 147248 363830 200674 354643 305482 346881 287794 351470 1.58745e+006 163786 142018 103562 60716.8 46136.9 45338.8 82861 67976.3 43416.4 58173.1 953221
80774 80774 0.000207988 3.2103e-007 3.24648e-008 4.50887e-006 0.000272881 0.00281323 0.0130965 0.0357585 0.0546836 0.0490089 0.0319205 0.019303 0.012515 0.00929904 0.00801668 0.00764038 0.00769499 0.0079605 0.00831262 0.0086727 0.00899165 0.00924266 0.00941656 0.00951514 0.0095475 0.00954975 0.00955069 0.00955106  1.206e+006 536173 1.09576e+006 348639 329765 178118 150835 233593 179823 133204 329104 181410 317590 271004 305367 252168 307670 1.39352e+006 144601 126288 92749.1 54702 41746.6 41141.7 75315.8 61843.1 39518.1 920835
81720.1 81720.1 0.000265634 4.09975e-007 4.13962e-008 5.75682e-006 0.00034839 0.00358833 0.0166608 0.0452745 0.0688436 0.0614057 0.0398285 0.0240211 0.0155572 0.0115556 0.00996041 0.00949145 0.00955763 0.00988549 0.0103207 0.0107658 0.01116 0.0114702 0.0116851 0.011807 0.0118469 0.0118497 0.0118509 0.0118513  646059 896854 406202 857025 276610 268653 148371 124126 187727 141442 105230 262881 144577 251242 213019 239392 197642 241372 1.09732e+006 114988 101476 74803 44284.4 33902.9 33521.1 61413.4 50431.5 781410
69276.2 69276.2 0.000250566 3.8695e-007 3.91466e-008 5.43306e-006 0.00032878 0.00338969 0.0157659 0.0429349 0.065489 0.0586922 0.0382757 0.023163 0.0150199 0.0111597 0.00962022 0.00916861 0.00923447 0.00955362 0.00997677 0.0104095 0.0107927 0.0110943 0.0113033 0.0114218 0.0114606 0.0114633 0.0114645 0.0114649  591100 528120 751387 347100 752521 248670 246237 133712 108022 157900 118238 88243.7 219122 119685 206695 174515 195912 162129 199017 910708 96055.9 85230.7 63074.9 37437.7 28704.8 28406.2 52067.4 705444
52904.2 52904.2 0.000172326 2.66007e-007 2.69e-008 3.73578e-006 0.000226095 0.00233153 0.0108641 0.0297239 0.0455372 0.0408001 0.0265409 0.016034 0.0103892 0.00771691 0.00665173 0.0063392 0.00638455 0.00660507 0.00689753 0.00719663 0.00746158 0.00767011 0.00781458 0.00789649 0.00792337 0.00792524 0.00792602 0.00792633  1.23109e+006 569289 452322 796508 326069 880261 237066 248901 135223 105524 161551 124854 94358.9 229682 119141 191006 156789 182365 153934 181435 794651 91724.2 89702.1 63345.2 37320.6 29006.4 29927.8 745658
139905 139905 0.000423304 6.53402e-007 6.59928e-008 9.17531e-006 0.000555228 0.00571421 0.0264379 0.0712825 0.107862 0.0969201 0.0636719 0.038746 0.0252047 0.0187568 0.0161791 0.015421 0.015529 0.0160609 0.0167667 0.0174882 0.0181271 0.0186298 0.0189779 0.0191753 0.01924 0.0192446 0.0192465 0.0192472  434633 1.00651e+006 477181 387896 699924 293395 809512 215921 221991 118382 92664.9 143159 110359 82915.8 200592 103623 165987 136622 159790 135823 161196 710094 82307.4 80715 57090.5 33665.9 26178.4 700163
240797 240797 0.000738553 1.14034e-006 1.14575e-007 1.59956e-005 0.000967739 0.00992577 0.0454179 0.120012 0.178344 0.159978 0.105712 0.0646045 0.0421204 0.0313741 0.0270651 0.025789 0.0259565 0.0268291 0.0279903 0.0291777 0.0302287 0.0310553 0.0316276 0.031952 0.0320584 0.0320658 0.0320689 0.0320701  251594 321424 760508 369627 307683 570737 242680 657007 165644 163372 87998 70934.7 110963 85834.6 64432.8 155087 80042.2 128114 105868 124724 106769 127128 560983 65397.4 64489 45548.7 26863.5 579499
150694 150694 0.000442091 6.83429e-007 6.91372e-008 9.58881e-006 0.000580111 0.00597591 0.0276555 0.0744448 0.112343 0.100737 0.0660823 0.0401495 0.0260789 0.0193873 0.0167147 0.0159302 0.0160443 0.0165982 0.0173325 0.0180832 0.0187481 0.0192712 0.0196336 0.019839 0.0199064 0.0199111 0.019913 0.0199138  733209 205041 268705 641884 323153 275252 516150 209435 516523 119853 118876 66800 55019.8 86665.4 67011.1 50175 120622 62341.4 100161 83193.4 98518 84698.1 101156 447263 52202 51516.4 36403.6 484754
161289 161289 0.000402719 6.22022e-007 6.28871e-008 8.73198e-006 0.000528354 0.00544128 0.0252005 0.0680157 0.102947 0.0923941 0.0605953 0.0368206 0.0239274 0.0177952 0.0153457 0.0146261 0.01473 0.015237 0.0159092 0.0165965 0.0172051 0.017684 0.0180158 0.0182038 0.0182655 0.0182698 0.0182716 0.0182723  2.85302e+006 647899 290630 254493 569535 327568 265399 541022 192738 533963 107310 118842 68344.6 55533 86914.8 68927.6 53366.4 121698 62647.8 93111.2 75503.4 92548.9 81747.1 92397.6 383562 49604.8 54795.2 512328
249548 249548 0.000684383 1.05687e-006 1.06645e-007 1.48348e-005 0.000897505 0.00922044 0.0423534 0.112456 0.167907 0.151148 0.100183 0.0613587 0.0400483 0.0298476 0.025759 0.024554 0.0247233 0.0255647 0.0266814 0.0278228 0.0288332 0.0296278 0.0301781 0.03049 0.0305923 0.0305995 0.0306024 0.0306036  876129 2.32862e+006 542829 249001 223342 511567 299909 237692 461393 157337 438777 90502.8 101175 58188.9 47111.6 73495.3 58248.2 45216.5 103662 53721.6 80374.4 65535.7 80651 71424.3 80853.5 335933 43466 497074
387308 387308 0.00146604 2.2655e-006 2.26524e-007 3.1736e-005 0.00191882 0.019562 0.0875556 0.221235 0.315238 0.280383 0.186614 0.114756 0.0751256 0.0560848 0.0484182 0.0461311 0.0464047 0.0479255 0.0499539 0.0520273 0.0538608 0.0553016 0.0562985 0.0568633 0.0570484 0.0570611 0.0570664 0.0570685  9.63096e+006 645109 1.75714e+006 418483 199541 181403 419964 237658 173261 313782 108163 318231 67094.4 75872.4 43671.6 35296 54975.8 43743.7 34192.6 78564.8 40986 61372.5 50154.4 61913.5 54968.1 62115.8 257479 416891
174554 174554 0.000863424 1.33888e-006 1.35358e-007 1.87381e-005 0.0011324 0.0116318 0.0530241 0.137621 0.19746 0.16827 0.105201 0.0619182 0.0396431 0.0293094 0.0252174 0.024015 0.0241775 0.0250041 0.0261016 0.0272233 0.0282164 0.0289978 0.0295389 0.0298455 0.0299456 0.0299519 0.0299545 0.0299556  1.5037e+007 7.81682e+006 538031 1.46488e+006 364023 177383 161023 339826 159134 97136.7 173662 63580.7 193936 41554.3 47200.4 27140.5 21903.3 34123.8 27210.7 21340.7 49205 25742.5 38620.9 31599.8 39037.8 34680.7 39209.2 425787
206303 206303 0.00109781 1.70054e-006 1.71952e-007 2.38256e-005 0.00144035 0.0147819 0.0672077 0.173882 0.25283 0.226039 0.150263 0.0921995 0.060199 0.044858 0.0387058 0.0368947 0.0371531 0.038423 0.0401064 0.0418259 0.0433475 0.044544 0.0453723 0.0458416 0.0459954 0.0460059 0.0460103 0.046012  1.4822e+006 1.2036e+007 6.50221e+006 473084 1.2662e+006 347390 219272 155086 262729 125952 71534.5 144381 44165.4 164451 28720.6 35976 20719.6 16719.6 24923 21674.3 18843.6 37760.2 20524.5 25552.2 19512.5 25375 24011 292533
320269 320269 0.00167443 2.58956e-006 2.61832e-007 3.6335e-005 0.00219641 0.0224435 0.100615 0.252846 0.360141 0.326769 0.224056 0.140764 0.0931581 0.0698925 0.0604819 0.0577042 0.0581043 0.0600588 0.0626465 0.0652867 0.0676203 0.0694535 0.0707217 0.0714401 0.0716758 0.0716923 0.0716991 0.0717019  2.56606e+007 1.20038e+006 1.00662e+007 5.56261e+006 412788 1.12874e+006 313435 186330 114830 170710 81720.6 49087.2 102136 31560.6 117564 20488.9 25653.6 14811.4 12011.9 18018 15766.1 13776.8 27707.2 15095.7 18819.5 14383.1 18713.5 233508
304802 304802 0.00172404 2.66652e-006 2.6173e-007 3.7204e-005 0.00224955 0.0228024 0.100569 0.250261 0.354958 0.320982 0.219116 0.136918 0.0901424 0.0673408 0.0580758 0.0552539 0.055501 0.05724 0.0595857 0.0619888 0.0641142 0.0657836 0.0669386 0.067593 0.067808 0.067823 0.0678293 0.0678318  9.63223e+006 1.88136e+007 906928 7.76972e+006 4.39359e+006 333517 913606 232806 114564 58835.2 89641 49072.5 32099.4 69546.2 21744.4 81731.5 14246.8 17913.4 10380.4 8466.09 12710.1 11208.9 9871.29 19731.2 10798.1 13355.5 10183.7 178728
259489 259489 0.000923243 1.44917e-006 1.46615e-007 2.00981e-005 0.00121287 0.0125324 0.0571795 0.148024 0.213186 0.185972 0.120033 0.0717107 0.0458667 0.0337293 0.028911 0.0274964 0.0276945 0.0286799 0.0299883 0.0313271 0.0325138 0.0334484 0.0340962 0.0344633 0.0345831 0.0345906 0.0345937 0.0345949  2.51711e+007 7.73889e+006 1.55613e+007 721609 6.64815e+006 3.84254e+006 287853 696743 141833 57655.5 30333.4 51953.6 30535.1 20547.4 44780.1 13955.8 52219.4 9076.09 11402.1 6610.81 5397.12 8109.42 7154.64 6302.14 12599.6 6898.51 8536.43 120780
430638 430638 0.000837261 1.29733e-006 1.31209e-007 1.81714e-005 0.0010987 0.0112984 0.0517355 0.135918 0.20045 0.179468 0.118767 0.0725847 0.047259 0.0351561 0.0303112 0.0288866 0.0290916 0.0300935 0.0314218 0.0327792 0.0339809 0.0349262 0.0355808 0.0359518 0.0360734 0.0360817 0.0360851 0.0360865  9.28135e+006 1.93875e+007 6.48894e+006 1.30766e+007 627129 5.68543e+006 3.38932e+006 252058 510762 106211 72109.2 32070.9 38094.2 31481.2 22979.1 51827 14838 64202.9 10864.7 14579.6 8558.45 7233.49 9983.72 9819.81 9751.4 16372.9 9720 135969
529060 529060 0.000533152 8.24493e-007 8.3417e-008 1.15651e-005 0.000699548 0.00720164 0.0332286 0.0887947 0.13269 0.117902 0.076702 0.0463505 0.0300381 0.0223138 0.0192333 0.018329 0.0184591 0.019095 0.0199382 0.0208 0.0215632 0.0221637 0.0225796 0.0228153 0.0228926 0.0228979 0.0229 0.0229009  1.00196e+006 7.51036e+006 1.62109e+007 5.55256e+006 1.14011e+007 558796 5.14846e+006 2.93318e+006 196346 360264 75038.8 53327 24237.8 28908.4 23815.1 17319.2 39027 11203.1 48740.9 8305.01 11220.1 6623.34 5620.52 7777.95 7662.02 7615.31 12792.4 113861
493565 493565 0.000327695 5.08443e-007 5.14421e-008 7.1133e-006 0.000430141 0.00444098 0.0206025 0.055641 0.0838467 0.0743025 0.0479799 0.0287833 0.01854 0.0137162 0.0117982 0.0112357 0.0113166 0.0117122 0.0122371 0.0127739 0.0132497 0.0136242 0.0138838 0.0140309 0.0140791 0.0140823 0.0140837 0.0140842  5.62035e+006 736969 5.66653e+006 1.25249e+007 4.38445e+006 9.20171e+006 460081 4.10866e+006 2.18404e+006 136607 246550 52306.2 37782.9 17037.2 19935.5 16524.3 12115.6 27243.2 7871.19 34488.9 5946.34 8068.32 4781.17 4074.45 5622.76 5563.28 5556.29 91481.7
117833 117833 5.79604e-005 8.98921e-008 9.096e-009 1.25785e-006 7.6069e-005 0.000786334 0.0036692 0.0100304 0.0151824 0.0131809 0.00825371 0.00485026 0.00309461 0.00228101 0.00195956 0.00186543 0.00187874 0.0019445 0.00203181 0.00212115 0.00220035 0.00226272 0.00230596 0.00233047 0.00233848 0.00233901 0.00233923 0.00233931  4.19345e+006 4.5306e+006 615590 4.84759e+006 1.08828e+007 3.89429e+006 8.3738e+006 410961 3.49916e+006 1.76427e+006 108194 194087 40472.9 28702.4 12753.6 14794.6 12233.8 8995.82 20360.6 5931.33 26200.8 4548.13 6201.76 3687.11 3148.06 4348.62 4304.69 75105.6
1.05387e+006 1.05387e+006 0.000400686 6.19514e-007 6.26613e-008 8.69034e-006 0.000525716 0.00541585 0.0250695 0.0674891 0.101477 0.0899772 0.0581905 0.0350155 0.0226424 0.0168031 0.0144777 0.0137951 0.0138929 0.0143722 0.0150078 0.0156578 0.0162334 0.0166864 0.0170002 0.017178 0.0172363 0.0172403 0.017242 0.0172426  6.52279e+006 3.3801e+006 3.77289e+006 567757 4.17294e+006 9.55787e+006 3.59124e+006 7.53541e+006 377689 2.95392e+006 1.41459e+006 89493.9 139728 37900.1 40533.1 17227.4 14734.8 15788.4 13872.6 29187.9 8719.44 39108.8 7400.13 9919.99 5895.5 5173.8 6640.18 117621
603075 603075 0.00017938 2.76976e-007 2.80158e-008 3.88904e-006 0.000235345 0.00242679 0.0113005 0.0308489 0.047022 0.0417628 0.0268979 0.0161415 0.0104268 0.00773574 0.00666521 0.00635124 0.00639648 0.00661739 0.00691041 0.00721006 0.00747552 0.00768445 0.0078292 0.00791127 0.00793817 0.00794002 0.00794079 0.0079411  887777 5.30959e+006 2.83035e+006 3.23358e+006 497230 3.73876e+006 8.7345e+006 3.20684e+006 6.3736e+006 301606 2.31541e+006 1.10561e+006 69190.8 106929 28766.6 30608.1 12993.3 11142.7 12006.3 10624.1 22509 6763.39 30463 5780.12 7760.84 4616.45 4053.27 97375.6
881440 881440 0.00025231 3.90087e-007 3.9441e-008 5.47162e-006 0.000331052 0.00341388 0.015867 0.0431299 0.0655351 0.0583695 0.037802 0.0227569 0.0147107 0.0109118 0.00939907 0.0089551 0.00901886 0.00933095 0.009745 0.0101685 0.0105436 0.0108389 0.0110435 0.0111594 0.0111975 0.0112001 0.0112011 0.0112016  4.06886e+006 654571 4.00972e+006 2.18866e+006 2.55992e+006 404163 3.0954e+006 7.15188e+006 2.56168e+006 4.94288e+006 230965 1.74924e+006 822159 51075.7 77964.1 21114.7 22703.2 9679.46 8276.17 9029.03 8112.36 17184.7 5198.28 23428.3 4477.57 6003.02 3571.97 78363.2
78104.9 78104.9 2.25176e-005 3.47864e-008 3.51881e-009 4.88215e-007 2.95437e-005 0.000304986 0.00142533 0.00392018 0.00599908 0.00528117 0.00335344 0.00199226 0.00128019 0.000947493 0.000815576 0.000776919 0.00078245 0.000809577 0.000845573 0.000882396 0.000915026 0.000940716 0.000958518 0.000968611 0.000971918 0.000972142 0.000972235 0.000972273  6.6835e+006 3.31182e+006 548014 3.43334e+006 1.91617e+006 2.29354e+006 370096 2.79276e+006 6.23488e+006 2.15525e+006 4.12068e+006 192551 1.44404e+006 671420 41334.2 62740.2 16968 18293.4 7844.23 6755.85 7423.48 6709.94 14275.9 4330.79 19551.2 3740.03 5016.62 68490.7
744063 744063 0.000274701 4.24147e-007 4.29085e-008 5.95562e-006 0.00036033 0.00371169 0.0172192 0.0465688 0.0699469 0.0610117 0.0385769 0.02288 0.0147096 0.0108976 0.00938599 0.0089427 0.00900531 0.00931482 0.00972547 0.0101453 0.0105172 0.0108099 0.0110127 0.0111276 0.0111652 0.0111678 0.0111688 0.0111692  1.44124e+006 5.6054e+006 2.77809e+006 484918 2.9834e+006 1.71998e+006 2.10994e+006 364933 2.51014e+006 5.47795e+006 1.87849e+006 3.38863e+006 163503 1.12073e+006 522696 36939.5 50347.4 18514.6 25305.2 11290 8338.53 10264.7 10660.6 20736 6557.4 28690.4 5975.44 110545
334741 334741 0.000172371 2.66045e-007 2.6914e-008 3.73674e-006 0.000226129 0.00233113 0.0108523 0.0296002 0.0449794 0.0396694 0.0253351 0.0151229 0.00974876 0.00722881 0.00622787 0.00593439 0.00597643 0.00618242 0.00645567 0.00673511 0.00698263 0.00717746 0.00731243 0.00738894 0.00741402 0.00741573 0.00741644 0.00741672  1.65233e+006 1.17767e+006 4.69844e+006 2.38426e+006 425956 2.68172e+006 1.57661e+006 1.89843e+006 313982 2.03486e+006 4.21262e+006 1.37366e+006 2.37691e+006 112106 759270 351995 24840.4 33941.9 12549.7 17271.2 7758.4 5762.94 7123.51 7418.38 14452.4 4574.4 20023.8 81345.1
518254 518254 0.000353209 5.4564e-007 5.51838e-008 7.65889e-006 0.000463394 0.0047736 0.0221261 0.0597756 0.0902531 0.0802077 0.0519349 0.0312852 0.020248 0.0150349 0.0129581 0.0123485 0.0124361 0.0128644 0.0134326 0.0140134 0.0145279 0.0149327 0.0152132 0.0153721 0.0154242 0.0154278 0.0154293 0.0154299  3.85761e+006 1.22119e+006 890558 3.6387e+006 1.88988e+006 346008 2.22142e+006 1.29148e+006 1.51344e+006 242409 1.5198e+006 3.05655e+006 970854 1.65072e+006 77417.6 519419 240770 17177.8 23465 8861.47 12379.8 5608.66 4158.96 5166.9 5430.25 10523.6 3342.13 73995.6
61684.3 61684.3 4.39147e-005 6.78354e-008 6.86351e-009 9.52197e-007 5.76254e-005 0.000594951 0.00278132 0.00765749 0.0117718 0.0104769 0.00674094 0.00404001 0.00260633 0.00193187 0.00166378 0.00158521 0.00159663 0.00165207 0.00172561 0.00180083 0.00186748 0.00191996 0.00195632 0.00197693 0.00198369 0.00198416 0.00198435 0.00198443  1.92879e+007 3.14749e+006 1.02315e+006 763535 3.1926e+006 1.69693e+006 316857 1.99319e+006 1.10565e+006 1.23398e+006 194940 1.22172e+006 2.43615e+006 767357 1.29569e+006 60497.1 405497 188457 13518.9 18594.3 7069.91 9933.11 4518.64 3359.72 4180.54 4397.51 8526.31 62676.8
915033 915033 0.000721357 1.11411e-006 1.12726e-007 1.56446e-005 0.000946394 0.00972651 0.0446805 0.118333 0.175895 0.157571 0.103951 0.0634837 0.0413952 0.0308486 0.0266271 0.0253868 0.0255667 0.0264414 0.0276004 0.0287845 0.0298326 0.030657 0.0312278 0.0315513 0.0316574 0.0316647 0.0316678 0.031669  7.76355e+006 1.55444e+007 2.7151e+006 931663 680054 2.92768e+006 1.57274e+006 300478 1.80147e+006 997608 1.10737e+006 189815 1.04704e+006 2.05163e+006 664328 1.08837e+006 57110.4 342216 165004 14837.2 17731.8 9417.12 15403.9 7357.8 4949.56 6443.94 7600.99 115389
305620 305620 0.000263593 4.07136e-007 4.11226e-008 5.71401e-006 0.000345772 0.00356321 0.0165517 0.0450027 0.0685187 0.0612928 0.0398971 0.0241099 0.0156205 0.0116003 0.00999705 0.00952589 0.00959291 0.0099232 0.0103616 0.0108099 0.011207 0.0115196 0.0117361 0.0118588 0.0118991 0.0119019 0.011903 0.0119035  961398 6.34038e+006 1.30298e+007 2.33103e+006 818511 611196 2.6709e+006 1.38029e+006 241439 1.33335e+006 740446 854404 149417 830148 1.62755e+006 526307 862267 45364.8 273186 132540 11990.9 14402.9 7676.88 12587 6020.64 4053.42 5279.76 100798
602892 602892 0.00054954 8.48988e-007 8.58754e-008 1.19178e-005 0.000721036 0.00742022 0.034246 0.0916739 0.137786 0.123916 0.0817792 0.0499203 0.0325184 0.0242118 0.0208885 0.0199123 0.0200543 0.0207437 0.0216574 0.0225913 0.0234181 0.0240686 0.0245191 0.0247745 0.0248583 0.0248641 0.0248665 0.0248675  3.84009e+006 709498 4.78472e+006 1.00339e+007 1.84396e+006 663391 505097 2.17193e+006 1.08492e+006 184158 1.01478e+006 569725 656320 114572 629122 1.22764e+006 397202 651704 34662.8 209021 102249 9389.93 11257.6 6085.74 10033.7 4813.42 3232.63 84807.5
119958 119958 0.000108812 1.68218e-007 1.70194e-008 2.35985e-006 0.000142794 0.0014742 0.00688059 0.0188703 0.0289141 0.0257688 0.0166385 0.00999283 0.0064505 0.0047812 0.00411722 0.0039226 0.00395088 0.00408824 0.00427043 0.00445678 0.00462191 0.00475191 0.00484199 0.00489306 0.0049098 0.00491095 0.00491143 0.00491162  7.13336e+006 3.13308e+006 594495 4.10385e+006 8.80609e+006 1.65594e+006 606354 448401 1.80511e+006 850434 145940 836263 478436 553943 96577 529087 1.03213e+006 334840 552267 29567.3 179451 88257 8136.38 9779.49 5294.53 8736.68 4193.23 76717.9
1.05592e+006 1.05592e+006 0.0010228 1.58057e-006 1.59905e-007 2.21872e-005 0.00134183 0.0137665 0.0627516 0.163389 0.239408 0.215186 0.143612 0.0884443 0.0579219 0.0432487 0.0373575 0.0356243 0.0358754 0.0370969 0.038715 0.0403676 0.0418297 0.0429792 0.0437749 0.0442258 0.0443737 0.0443839 0.0443882 0.0443899  4.25974e+006 5.83665e+006 2.65721e+006 556277 3.56729e+006 7.8067e+006 1.55705e+006 579669 412599 1.62966e+006 760101 134908 716417 409741 473349 92070 438192 854095 292778 472730 29611.7 156136 80504.9 9392.35 9798.67 6865.77 12220.3 115887
577594 577594 0.000464643 7.16966e-007 7.22709e-008 1.0067e-005 0.000609222 0.00626426 0.0289261 0.0778049 0.117603 0.10589 0.0697959 0.0425728 0.0277279 0.0206451 0.01781 0.0169741 0.0170901 0.0176718 0.0184444 0.0192343 0.0199338 0.0204841 0.0208651 0.0210812 0.0211521 0.0211571 0.0211591 0.02116  1.83687e+006 3.47364e+006 4.89083e+006 2.28009e+006 488220 3.20116e+006 7.08579e+006 1.33815e+006 440029 279579 1.11536e+006 554489 102211 551711 317007 366286 71276.4 340092 665977 229620 372868 23466.2 124144 64147.8 7493.52 7823.9 5484.71 102366
974388 974388 0.000581263 8.97883e-007 9.05537e-008 1.25986e-005 0.000762249 0.0078363 0.0360831 0.0963574 0.144613 0.13012 0.0859801 0.0525236 0.034222 0.0254791 0.021978 0.020946 0.02109 0.0218092 0.0227641 0.0237405 0.0246049 0.0252848 0.0257558 0.0260227 0.0261103 0.0261164 0.0261189 0.0261199  5.23234e+006 1.35577e+006 2.62221e+006 3.75276e+006 1.8041e+006 396338 2.63346e+006 5.66665e+006 1.01325e+006 318372 204945 847394 428599 79512.5 427399 245106 283129 55475.7 264325 520579 180936 294901 18748.4 98763.7 51203.3 6042.41 6277.88 87559.4
108923 108923 5.20933e-005 8.05272e-008 8.1473e-009 1.12971e-006 6.83609e-005 0.00070596 0.00329932 0.00907474 0.0139304 0.0123822 0.00795824 0.00476447 0.00307084 0.00227471 0.00195837 0.00186567 0.00187911 0.00194448 0.00203119 0.0021199 0.00219851 0.0022604 0.00230329 0.0023276 0.00233557 0.00233612 0.00233635 0.00233644  1.12338e+007 4.26532e+006 1.13474e+006 2.23299e+006 3.28693e+006 1.617e+006 360808 2.31749e+006 4.64474e+006 780805 248293 166655 703295 357686 66266.2 355244 203567 235654 46391.2 222383 440622 153915 251764 16043.7 84632.5 43913.5 5184.64 80538.5
1.50359e+006 1.50359e+006 0.000821534 1.26936e-006 1.28439e-007 1.78195e-005 0.00107781 0.011071 0.0507146 0.133441 0.196992 0.175993 0.116033 0.0708398 0.0461879 0.0344203 0.0297099 0.0283255 0.0285255 0.0295001 0.0307916 0.032111 0.0332787 0.034197 0.0348328 0.0351931 0.0353113 0.0353194 0.0353228 0.0353241  1.44621e+007 9.14715e+006 3.55852e+006 1.01696e+006 1.9586e+006 2.95534e+006 1.49577e+006 350787 2.08972e+006 4.11047e+006 713186 231360 150376 612299 308116 59302.9 292765 170892 201703 45552.1 186979 371009 138652 219831 16733.3 74228.2 40754 110962
424719 424719 0.000295477 4.56046e-007 4.60699e-008 6.40441e-006 0.000387589 0.00399239 0.0185353 0.0503522 0.0767031 0.0688733 0.0450585 0.0273343 0.0177508 0.0131988 0.0113812 0.010847 0.0109235 0.0112987 0.0117966 0.0123058 0.0127568 0.0131116 0.0133574 0.0134968 0.0135425 0.0135457 0.013547 0.0135475  1.29916e+006 1.17978e+007 7.66552e+006 3.05461e+006 892697 1.7583e+006 2.6901e+006 1.30229e+006 275818 1.49118e+006 2.9246e+006 526960 174316 114103 464869 233610 44962.6 222544 130543 155028 35223 145306 289349 108386 172080 13109.3 58180.2 118946
703531 703531 0.000560913 8.66461e-007 8.74222e-008 1.21585e-005 0.000735622 0.00756446 0.0348569 0.0931975 0.140002 0.125932 0.0831414 0.0507585 0.0330618 0.0246122 0.0212296 0.0202331 0.020373 0.0210688 0.0219924 0.0229367 0.0237728 0.0244305 0.024886 0.0251441 0.0252289 0.0252348 0.0252372 0.0252382  3.41336e+006 958941 8.90814e+006 5.91079e+006 2.41833e+006 724774 1.45371e+006 2.18644e+006 1.02162e+006 210411 1.14312e+006 2.28843e+006 415656 137486 89643.3 363506 182603 35301.8 174995 103395 123675 28406.2 116824 233180 87723.2 139193 10689.5 144480
124635 124635 9.65066e-005 1.49185e-007 1.50918e-008 2.09288e-006 0.000126643 0.00130748 0.00610407 0.0167529 0.0256885 0.0228948 0.0147783 0.00887365 0.00572742 0.00424503 0.00365542 0.00348258 0.00350766 0.00362959 0.00379132 0.00395676 0.00410335 0.00421876 0.00429873 0.00434407 0.00435893 0.00435995 0.00436038 0.00436055  1.50248e+007 2.78288e+006 802734 7.59378e+006 5.17852e+006 2.16815e+006 660327 1.28224e+006 1.80089e+006 792694 165122 933649 1.90523e+006 347748 114837 74671.8 302570 152333 29591.6 147595 87740.9 105486 24317.1 100246 200373 75444.2 119767 133550
1.01482e+006 1.01482e+006 0.000823887 1.27299e-006 1.28783e-007 1.78705e-005 0.00108096 0.0111048 0.0508916 0.134109 0.198798 0.179084 0.119248 0.0732889 0.0479258 0.0357528 0.0308704 0.0294348 0.0296438 0.0306574 0.0320004 0.0333724 0.0345867 0.0355415 0.0362027 0.0365773 0.0367003 0.0367088 0.0367124 0.0367138  2.06884e+006 1.21591e+007 2.39432e+006 716169 6.59139e+006 4.63088e+006 1.985e+006 624980 1.1583e+006 1.60269e+006 704266 156215 803975 1.60411e+006 306668 103994 67690.7 265820 136160 28043.4 127610 77813 95831 25516.2 87436.5 173769 70883.9 254850
231880 231880 0.00016976 2.62043e-007 2.65126e-008 3.6805e-006 0.000222749 0.00229736 0.0107085 0.0293071 0.044909 0.0402425 0.0261808 0.0158182 0.0102503 0.00761437 0.00656374 0.00625566 0.00630069 0.00651858 0.00680747 0.00710289 0.00736458 0.00757055 0.00771325 0.00779415 0.0078207 0.00782254 0.00782331 0.00782362  6.88237e+006 1.68761e+006 1.01889e+007 2.05439e+006 628622 5.9177e+006 4.21666e+006 1.73036e+006 493574 837534 1.17589e+006 547744 125594 654895 1.31024e+006 250325 84904.9 55410.5 218665 112694 23350.2 106784 65345 80662.4 21506.6 73757.3 146654 274978
845423 845423 0.000508702 7.86169e-007 7.95402e-008 1.10334e-005 0.000667507 0.00687261 0.0317546 0.0851844 0.128219 0.115176 0.0758341 0.0462058 0.0300637 0.0223697 0.0192937 0.0183906 0.0185223 0.0191606 0.0200065 0.0208712 0.0216368 0.0222392 0.0226564 0.0228929 0.0229705 0.0229759 0.0229782 0.0229791  2.42485e+006 5.07304e+006 1.27596e+006 7.88442e+006 1.62956e+006 510756 4.90737e+006 3.46622e+006 1.39383e+006 391149 665073 942449 438056 100142 517498 1.03077e+006 197245 67163.6 44106.8 174980 90873.5 18977.6 86795.7 53301.3 65960.1 17696.5 60277.5 345766
276625 276625 0.00013147 2.03264e-007 2.05641e-008 2.8513e-006 0.000172528 0.00178096 0.00830749 0.0227543 0.0348301 0.0310587 0.0200796 0.0120699 0.00779431 0.00577808 0.00497586 0.00474069 0.00477485 0.00494082 0.00516094 0.0053861 0.00558561 0.00574267 0.00585149 0.00591319 0.00593342 0.00593481 0.00593539 0.00593562  4.0749e+006 1.97664e+006 4.25002e+006 1.09474e+006 6.9151e+006 1.46236e+006 466962 4.36773e+006 2.90089e+006 1.10362e+006 312333 549568 790571 368434 84006.5 432861 861787 165362 56612.3 37430.2 149486 78065.3 16368 75057.4 46163.6 57177.2 15347.5 352240
1.1953e+006 1.1953e+006 0.000568142 8.77646e-007 8.87173e-008 1.23195e-005 0.000745335 0.00766747 0.0353546 0.0944991 0.14179 0.127337 0.0839316 0.051194 0.0333386 0.0248206 0.0214129 0.0204111 0.0205553 0.0212602 0.0221948 0.0231501 0.0239959 0.0246612 0.025122 0.0253832 0.0254689 0.0254749 0.0254773 0.0254783  1.69772e+006 3.42482e+006 1.80748e+006 3.64309e+006 969203 6.16486e+006 1.37506e+006 440176 3.87676e+006 2.53866e+006 962503 286352 477863 678071 314101 76655 362595 714952 147563 52509.9 35544.2 136298 72978.6 16180.3 66391.1 41773.7 53060.2 350243
305878 305878 0.000160117 2.47154e-007 2.50034e-008 3.47134e-006 0.000210092 0.00216688 0.0101022 0.0276621 0.0424077 0.0379947 0.024707 0.0149228 0.00966838 0.00718147 0.00619033 0.00589967 0.00594209 0.00614755 0.00641998 0.00669858 0.00694538 0.00713963 0.00727421 0.0073505 0.00737554 0.00737728 0.00737801 0.0073783  680526 1.38514e+006 2.86913e+006 1.54793e+006 3.19637e+006 870114 5.62892e+006 1.21713e+006 363619 3.00955e+006 1.98658e+006 781269 236485 396411 561688 259566 63320 300281 595102 123617 44267.8 30123.2 115948 62236.5 13818.7 56749.1 35724.1 344991
640199 640199 0.000348405 5.38337e-007 5.44489e-008 7.55539e-006 0.00045715 0.00471094 0.0218525 0.0591536 0.0897279 0.0804291 0.052603 0.0318946 0.020698 0.015382 0.0132604 0.0126376 0.012728 0.0131674 0.0137501 0.0143459 0.0148736 0.0152889 0.0155765 0.0157396 0.0157931 0.0157968 0.0157983 0.0157989  546390 514062 1.04876e+006 2.22233e+006 1.22962e+006 2.59335e+006 722203 4.62883e+006 982995 288823 2.39325e+006 1.59334e+006 624854 188412 313379 442176 204203 50091.9 238152 475041 99633.6 35925.6 24574.5 94653.7 50939.2 11343.1 46398.2 312141
278295 278295 0.000142675 2.20559e-007 2.23163e-008 3.0943e-006 0.000187234 0.00193257 0.0090126 0.0246722 0.0377502 0.0336728 0.0217831 0.0131007 0.00846304 0.00627521 0.00540458 0.00514937 0.0051865 0.00536671 0.0056057 0.00585014 0.00606673 0.00623723 0.00635536 0.00642234 0.00644431 0.00644582 0.00644645 0.0064467  7.04281e+006 445547 430641 899181 1.94911e+006 1.10374e+006 2.37582e+006 649288 3.98684e+006 814137 240168 2.03083e+006 1.35873e+006 531395 159413 264108 372357 172429 42532.4 203625 408970 86269.3 31236 21425 82654.3 44521.2 9918.75 313601
1.36611e+006 1.36611e+006 0.000786836 1.21565e-006 1.22994e-007 1.70667e-005 0.00103238 0.0106088 0.0486725 0.12858 0.191115 0.172399 0.114877 0.0706303 0.0461925 0.0344598 0.0297538 0.0283704 0.0285725 0.0295505 0.0308462 0.03217 0.0333415 0.0342629 0.0349009 0.0352624 0.0353811 0.0353893 0.0353928 0.0353942  9.22042e+006 5.68602e+006 478861 599548 824217 1.79061e+006 1.07649e+006 2.16277e+006 589300 3.47781e+006 733987 219075 1.73438e+006 1.15341e+006 448933 142079 224920 317079 148236 39731 176182 350376 80044.3 29911.8 21066.8 77057.3 42661.8 308334
368596 368596 0.000249352 3.84902e-007 3.89445e-008 5.40631e-006 0.000327182 0.00337274 0.0156895 0.0427465 0.0652556 0.0585466 0.0382236 0.0231545 0.0150256 0.0111693 0.00963087 0.00917962 0.00924564 0.00956488 0.00998808 0.0104208 0.010804 0.0111057 0.0113146 0.011433 0.0114719 0.0114746 0.0114758 0.0114762  1.8308e+006 7.52313e+006 4.76509e+006 410986 526370 740202 1.63185e+006 941364 1.72238e+006 432187 2.59545e+006 581398 179512 1.44017e+006 960371 373553 118248 187694 265915 125087 33730.5 150327 300033 68704 25709.4 18122 66317.7 302158
665294 665294 0.000567159 8.76346e-007 8.86456e-008 1.23006e-005 0.000744167 0.00765798 0.035328 0.0944701 0.141853 0.127587 0.0842546 0.0514517 0.0335203 0.0249582 0.0215322 0.0205259 0.0206723 0.0213831 0.0223251 0.0232879 0.0241404 0.024811 0.0252754 0.0255387 0.0256251 0.0256311 0.0256336 0.0256346  9.95772e+006 1.35122e+006 5.68393e+006 3.68755e+006 327799 431795 614223 1.33586e+006 749124 1.3329e+006 336771 2.05401e+006 462284 142400 1.13462e+006 754176 293261 93316 148678 212063 100448 27321.2 121874 243730 56071.5 21021.9 14843.2 301418
157798 157798 0.00015888 2.45608e-007 2.48512e-008 3.44576e-006 0.000208498 0.00215183 0.010031 0.0274344 0.0419425 0.0374187 0.0242214 0.0145739 0.00941726 0.00698369 0.00601511 0.00573116 0.00577249 0.00597299 0.00623889 0.00651084 0.0067518 0.00694148 0.0070729 0.00714741 0.00717185 0.00717353 0.00717423 0.00717451  1.01444e+007 8.12095e+006 1.1321e+006 4.87497e+006 3.23531e+006 294263 394492 544546 1.10632e+006 583944 1.05066e+006 276415 1.7194e+006 389037 119688 951441 632217 246500 78849.5 126458 181543 86456.4 23606.7 105573 211443 48685.5 18261.6 274810
616818 616818 0.000735062 1.13572e-006 1.14892e-007 1.59431e-005 0.000964428 0.00991331 0.0455333 0.120585 0.179495 0.161522 0.107178 0.0656981 0.0428996 0.0319806 0.0276053 0.0263193 0.0265063 0.0274143 0.0286174 0.0298466 0.0309347 0.0317904 0.032383 0.0327188 0.032829 0.0328367 0.0328399 0.0328411  3.30012e+006 8.28519e+006 6.81846e+006 1.00163e+006 4.23841e+006 2.88117e+006 311518 457093 502735 988177 540190 913123 244549 1.45871e+006 342737 105932 790903 530070 209525 72118.7 111160 159862 76729.4 22753.5 93401.2 183431 46029.2 282898
234052 234052 0.000290791 4.48898e-007 4.5419e-008 6.30495e-006 0.000381553 0.00393225 0.0182726 0.0496649 0.0756585 0.06791 0.0444085 0.0269326 0.017488 0.0130033 0.0112135 0.0106884 0.0107652 0.0111366 0.011629 0.0121324 0.0125783 0.0129291 0.0131722 0.01331 0.0133552 0.0133583 0.0133597 0.0133602  1.78417e+006 2.69203e+006 6.94251e+006 5.84982e+006 879110 3.80533e+006 2.62655e+006 273132 366874 372784 741795 426634 741387 200564 1.19787e+006 281098 86882.2 650393 438091 174256 60350.2 93497.1 134953 64928.6 19281.1 79213.3 155642 279172
530633 530633 0.000551141 8.51996e-007 8.61965e-008 1.19547e-005 0.0007232 0.00744472 0.0343589 0.0919294 0.138031 0.12398 0.081718 0.0498254 0.0324271 0.0241296 0.0208114 0.019837 0.0199789 0.0206673 0.0215796 0.0225121 0.0233377 0.0239873 0.0244372 0.0246922 0.0247759 0.0247817 0.0247841 0.0247851  1.19647e+007 1.31696e+006 2.03452e+006 5.37378e+006 4.63547e+006 713873 3.15057e+006 2.14183e+006 216287 282930 287424 583160 337684 584508 157701 937543 220340 68318.8 512918 347935 139386 48679 75579.5 109359 52702.9 15713.6 64368.6 354050
116477 116477 8.7155e-005 1.34786e-007 1.36388e-008 1.89035e-006 0.00011438 0.00118124 0.00551655 0.0151448 0.0232182 0.0206713 0.0133251 0.00799212 0.00515443 0.00381856 0.00328748 0.00313185 0.00315449 0.00326436 0.00341008 0.00355915 0.00369125 0.00379525 0.00386732 0.00390818 0.00392157 0.00392249 0.00392287 0.00392303  1.39499e+007 9.74542e+006 1.10308e+006 1.74505e+006 4.71014e+006 4.15668e+006 651935 2.79447e+006 1.77665e+006 168855 222724 234683 484074 281198 485521 130612 776115 182901 57017.7 430978 294305 118557 41570.1 64711.4 93776.6 45233 13492.9 359382
1.03797e+006 1.03797e+006 0.000658203 1.01719e-006 1.02924e-007 1.42769e-005 0.000863652 0.00888324 0.0408863 0.108737 0.162408 0.145969 0.0965385 0.0590258 0.0384847 0.0286669 0.0247367 0.0235822 0.0237506 0.0245664 0.0256474 0.0267521 0.02773 0.0284992 0.0290319 0.0293338 0.0294328 0.0294397 0.0294426 0.0294437  1.95573e+007 1.12641e+007 8.25565e+006 984119 1.52875e+006 4.22079e+006 3.81501e+006 610222 2.50399e+006 1.56796e+006 171755 246836 211293 422975 252058 404753 112807 647085 162456 51556.6 365525 252743 103444 39227.7 58048.8 83680.3 40513.4 346649
146367 146367 8.25249e-005 1.2739e-007 1.28897e-008 1.78916e-006 0.000108288 0.00111751 0.00522072 0.0143589 0.0220939 0.0197695 0.0128104 0.00771734 0.00499292 0.00370609 0.00319373 0.00304356 0.00306552 0.00317175 0.0033126 0.00345666 0.00358429 0.00368476 0.00375437 0.00379384 0.00380679 0.00380769 0.00380806 0.00380821  2.82116e+006 1.59452e+007 9.4378e+006 7.08543e+006 863400 1.37204e+006 3.85148e+006 3.36232e+006 496702 1.89677e+006 1.19929e+006 137249 201699 173858 347913 206927 332226 92844.2 535355 135281 43208 307966 213756 87705.6 33307.9 49330.8 71146.9 329263
1.02301e+006 1.02301e+006 0.00056073 8.67327e-007 8.7732e-008 1.2164e-005 0.000735793 0.00757535 0.0349476 0.0934074 0.140054 0.125645 0.0827307 0.0503936 0.0327703 0.0243717 0.0210141 0.020028 0.020171 0.0208667 0.0217889 0.0227316 0.0235663 0.0242231 0.024678 0.0249359 0.0250204 0.0250263 0.0250287 0.0250297  3.58027e+006 2.08021e+006 1.20452e+007 7.3034e+006 5.61569e+006 701582 1.13955e+006 3.18473e+006 2.75178e+006 403058 1.53792e+006 973593 111144 162317 137977 274697 163445 262516 73910.2 428541 109328 35140.7 250811 174622 71804.9 27377.8 40482.8 328977
214059 214059 0.000116925 1.80912e-007 1.83029e-008 2.53625e-006 0.000153448 0.00158459 0.0073928 0.0202473 0.0309496 0.0274989 0.0177005 0.0106045 0.00683431 0.00506095 0.00435615 0.00414956 0.00417945 0.00432503 0.00451815 0.00471572 0.00489078 0.00502862 0.00512413 0.00517829 0.00519603 0.00519724 0.00519775 0.00519795  4.42909e+007 2.91122e+006 1.74151e+006 1.03226e+007 6.39204e+006 5.02735e+006 639828 1.00852e+006 2.63018e+006 2.13257e+006 314175 1.24082e+006 796997 91121.4 132593 112313 223439 133309 215292 61033.7 356291 91410.7 29501.5 211125 147221 60591.2 23113.3 311996
1.19538e+006 1.19538e+006 0.000720145 1.11321e-006 1.12634e-007 1.56216e-005 0.000944909 0.00971561 0.0446384 0.118235 0.175842 0.157784 0.104319 0.0637724 0.0415773 0.0309703 0.026724 0.0254763 0.0256576 0.0265381 0.0277049 0.0288971 0.0299525 0.0307826 0.0313574 0.0316832 0.0317901 0.0317975 0.0318005 0.0318018  816776 3.55591e+007 2.50066e+006 1.50913e+006 8.93886e+006 5.6778e+006 4.64389e+006 605414 903156 2.30178e+006 1.84217e+006 277912 1.03536e+006 655232 86874.4 133985 96067 189026 117885 178698 53632 299855 83014.2 27129.6 178335 125326 52419.6 306145
336081 336081 0.000171134 2.64227e-007 2.67352e-008 3.71052e-006 0.000224558 0.00231626 0.0107962 0.0295395 0.0452434 0.0405184 0.026345 0.0159094 0.0103056 0.00765361 0.00659679 0.00628693 0.00633222 0.00655138 0.00684195 0.00713909 0.00740231 0.00760949 0.00775303 0.00783441 0.00786111 0.00786296 0.00786373 0.00786404  1.27482e+006 665417 2.97879e+007 2.14555e+006 1.3232e+006 8.01625e+006 5.17326e+006 4.07193e+006 486127 668745 1.7151e+006 1.43338e+006 221069 829264 524610 69418.7 107042 76954.2 152203 95535.4 145741 43971.7 246774 68487.7 22414.6 147467 103683 296721
578140 578140 0.000232299 3.59194e-007 3.63452e-008 5.03855e-006 0.000304853 0.00314515 0.0146346 0.0398572 0.0607201 0.05424 0.0352324 0.0212503 0.0137471 0.0101993 0.00878612 0.00837173 0.00843209 0.00872479 0.00911292 0.00950985 0.0098615 0.0101383 0.0103301 0.0104388 0.0104744 0.0104769 0.0104779 0.0104783  2.2097e+006 940748 503510 2.30442e+007 1.70082e+006 1.07369e+006 6.64493e+006 4.25014e+006 3.27792e+006 384548 529291 1.36842e+006 1.13984e+006 174936 650936 410088 54547.3 84518.7 60764.2 120983 76583.7 117194 35588.4 199849 55723.3 18259.7 119755 325956
109455 109455 3.49485e-005 5.40019e-008 5.46336e-009 7.57828e-007 4.58616e-005 0.000473604 0.0022148 0.00610269 0.00939438 0.00837693 0.00540091 0.00324062 0.00209114 0.00154987 0.00133465 0.00127158 0.00128076 0.00132529 0.00138436 0.00144478 0.00149833 0.00154048 0.0015697 0.00158626 0.00159169 0.00159206 0.00159222 0.00159228  8.05271e+006 1.7985e+006 787776 431901 2.01816e+007 1.52435e+006 984437 6.01674e+006 3.73332e+006 2.79383e+006 326739 452496 1.16302e+006 959865 146057 540541 340119 45369.5 70715.5 51220 102731 65430.3 100573 30631 172305 48088 15765.3 384923
1.83468e+006 1.83468e+006 0.000577867 8.92556e-007 9.02128e-008 1.25298e-005 0.000758065 0.0077972 0.0359413 0.0960156 0.144006 0.129341 0.0852813 0.0520334 0.0338935 0.0252377 0.0217743 0.0207559 0.0209022 0.0216183 0.0225679 0.0235385 0.0243977 0.0250737 0.0255418 0.0258071 0.0258942 0.0259002 0.0259028 0.0259038  8.0039e+006 6.55367e+006 1.52988e+006 706105 390528 1.79147e+007 1.43199e+006 917373 5.43846e+006 3.35431e+006 2.5306e+006 306349 399493 1.01053e+006 825257 129936 460597 291444 45551.9 75024.5 47828.3 95366.6 63335.2 90737.7 29347.1 155921 47184.3 377047
701615 701615 0.000219719 3.39215e-007 3.4312e-008 4.76369e-006 0.000288291 0.00297237 0.0138351 0.0377498 0.0576918 0.0517153 0.033704 0.0203885 0.0132195 0.00982217 0.0084674 0.00806995 0.00812782 0.00840857 0.00878084 0.00916151 0.00949871 0.00976409 0.00994793 0.0100522 0.0100864 0.0100887 0.0100897 0.0100901  3.36465e+006 6.53222e+006 5.49054e+006 1.3099e+006 619645 350679 1.63558e+007 1.26658e+006 756403 4.21029e+006 2.61825e+006 2.05039e+006 252706 331183 836805 681847 107316 381371 242528 38147.5 63223.9 40515.8 81088.2 53984.4 77452.3 25071.5 133268 362696
1.0059e+006 1.0059e+006 0.000278137 4.30015e-007 4.35042e-008 6.03251e-006 0.000364989 0.0037641 0.0174929 0.0475217 0.072255 0.06461 0.0420671 0.0254173 0.0164592 0.0122177 0.010527 0.0100311 0.0101032 0.0104533 0.0109176 0.0113924 0.0118129 0.012144 0.0123733 0.0125033 0.0125459 0.0125489 0.0125501 0.0125506  4.0092e+006 2.48072e+006 4.93365e+006 4.24602e+006 1.0381e+006 503266 290977 1.33852e+007 1.0107e+006 589540 3.29075e+006 2.07323e+006 1.62475e+006 199703 259808 653844 532373 84154.1 300253 192300 30622.4 51118.2 32748.3 65696.4 43864.8 62820.3 20393 403067
460911 460911 0.000115665 1.78819e-007 1.80902e-008 2.50844e-006 0.000151784 0.00156693 0.00731168 0.0200433 0.030698 0.027357 0.0176661 0.0106107 0.00684942 0.00507683 0.00437174 0.00416504 0.00419503 0.00434084 0.00453425 0.00473208 0.00490738 0.00504539 0.00514101 0.00519523 0.005213 0.00521423 0.00521473 0.00521494  1.88571e+006 3.26416e+006 2.07744e+006 4.2308e+006 3.71943e+006 930595 461163 262654 1.16605e+007 850856 495804 2.79811e+006 1.75886e+006 1.36857e+006 166952 216120 543287 443598 70529.2 253483 163518 26196.2 43920.5 28218.2 56703.4 37895 54296.8 366106
2.02704e+006 2.02704e+006 0.000684969 1.0585e-006 1.07078e-007 1.48567e-005 0.000898706 0.00924099 0.0424931 0.112796 0.168105 0.150868 0.0996698 0.0609013 0.0397002 0.0295723 0.0255182 0.0243269 0.0244997 0.0253399 0.0264534 0.0275913 0.0285986 0.0293908 0.0299395 0.0302504 0.0303524 0.0303595 0.0303624 0.0303636  7.76499e+006 1.53361e+006 2.75486e+006 1.81465e+006 3.66909e+006 3.32083e+006 865971 436528 244579 1.0151e+007 762407 442079 2.37574e+006 1.4772e+006 1.15289e+006 146177 180694 454459 373497 62353.2 216841 141220 26063.1 45316.5 26215.4 52199.2 36085.6 384842
401164 401164 0.000200139 3.08885e-007 3.12166e-008 4.3381e-006 0.000262553 0.00270637 0.012598 0.0344126 0.0526635 0.0472229 0.030768 0.0186098 0.0120663 0.00896564 0.00772898 0.00736584 0.0074181 0.00767366 0.00801271 0.00835945 0.00866659 0.00890831 0.00907577 0.0091707 0.00920186 0.00920403 0.00920494 0.0092053  5.15092e+006 6.33117e+006 1.28489e+006 2.36306e+006 1.59196e+006 3.29266e+006 3.02809e+006 761207 352978 183196 7.65398e+006 599290 354890 1.91979e+006 1.19326e+006 929499 117830 146038 369181 305360 51300.3 179338 117235 21689.5 37766.2 21866 43559.9 351357
790346 790346 0.000488649 7.55059e-007 7.6365e-008 1.05973e-005 0.000641146 0.00660096 0.0305093 0.081933 0.12345 0.110862 0.0729288 0.0444087 0.0288868 0.0214919 0.0185359 0.0176676 0.0177936 0.0184062 0.0192183 0.0200484 0.0207835 0.0213618 0.0217624 0.0219894 0.0220639 0.0220691 0.0220712 0.0220721  1.12521e+006 3.79628e+006 4.78102e+006 991949 1.87212e+006 1.29175e+006 2.72606e+006 2.47838e+006 608615 276732 144364 6.09016e+006 477564 281567 1.5124e+006 936497 729246 92860.1 115499 293931 244763 41422.6 145163 95161.5 17724.1 30921.2 17844.8 322236
166241 166241 9.72408e-005 1.50327e-007 1.52081e-008 2.10883e-006 0.000127604 0.00131736 0.00614896 0.0168653 0.02582 0.0229449 0.0147609 0.00884343 0.00570225 0.00422485 0.00363761 0.00346548 0.00349039 0.00361169 0.00377259 0.00393718 0.00408302 0.00419784 0.0042774 0.0043225 0.00433729 0.0043383 0.00433872 0.00433889  3.77736e+006 917489 3.18026e+006 4.09876e+006 870042 1.68025e+006 1.18105e+006 2.42801e+006 2.08033e+006 484354 221974 119610 5.11592e+006 402011 236357 1.26578e+006 783370 611645 78302.2 98047 251174 210314 35734.1 125555 82432.9 15366.7 26821.5 295072
1.70108e+006 1.70108e+006 0.00107883 1.66753e-006 1.68694e-007 2.34043e-005 0.00141534 0.0145162 0.0660692 0.17145 0.250438 0.225048 0.150365 0.092679 0.0607193 0.0453447 0.0391698 0.0373527 0.0376154 0.0388953 0.0405907 0.042322 0.0438537 0.0450579 0.0458915 0.0463638 0.0465187 0.0465294 0.0465339 0.0465357  9.4102e+006 3.10444e+006 779088 2.71566e+006 3.55277e+006 781077 1.55121e+006 1.08936e+006 2.16155e+006 1.82659e+006 430997 201376 107085 4.19238e+006 339786 198842 1.02004e+006 634933 505611 68607 82476.7 211984 178455 31823.8 107279 70764.7 15045.8 294552
424583 424583 0.000318242 4.91183e-007 4.96549e-008 6.89881e-006 0.000417499 0.00430062 0.0199615 0.0541631 0.0824078 0.0739979 0.0484431 0.0294043 0.0191026 0.0142075 0.0122528 0.0116787 0.0117617 0.0121663 0.0127028 0.0132513 0.0137371 0.0141194 0.0143842 0.0145343 0.0145836 0.014587 0.0145884 0.014589  1.69102e+006 7.66887e+006 2.60095e+006 668334 2.38226e+006 3.18613e+006 708071 1.32734e+006 817481 1.43797e+006 1.22676e+006 309340 150385 81356.4 3.201e+006 259508 151931 781357 488614 391339 53401.5 64496.3 166316 140309 25052.7 84519.8 55778.9 244102
594765 594765 0.000518359 8.00941e-007 8.10353e-008 1.12424e-005 0.000680161 0.00700176 0.032342 0.0867089 0.130429 0.117112 0.0770866 0.046966 0.0305624 0.0227443 0.0196187 0.0187009 0.0188347 0.0194832 0.0203426 0.021221 0.0219988 0.0226108 0.0230346 0.0232748 0.0233536 0.0233591 0.0233614 0.0233623  1.46607e+006 1.24657e+006 5.79191e+006 2.00967e+006 529972 1.93207e+006 2.6345e+006 575600 1.03894e+006 619341 1.09684e+006 956994 243383 118421 63866 2.49639e+006 202661 118987 613914 386512 311787 42881.3 51879.5 134107 113312 20291.6 68358.9 243211
185932 185932 0.000152195 2.35196e-007 2.37843e-008 3.30015e-006 0.000199696 0.00206038 0.00960241 0.0262631 0.0401375 0.0357498 0.0230904 0.0138748 0.00896154 0.0066453 0.00572364 0.00545329 0.00549227 0.00568256 0.00593501 0.00619323 0.00642201 0.0066021 0.00672688 0.00679762 0.00682082 0.00682241 0.00682307 0.00682334  974179 1.19573e+006 1.04449e+006 4.97009e+006 1.76339e+006 475822 1.76666e+006 2.34376e+006 480921 820129 492627 902307 799094 203820 98945.1 53218.1 2.07935e+006 169266 99913.4 518967 328896 266770 36835.2 44680.3 115672 97820.8 17526 269175
1.5907e+006 1.5907e+006 0.00131449 2.03209e-006 2.05326e-007 2.85141e-005 0.00172415 0.0176537 0.0798458 0.204651 0.296393 0.268205 0.181734 0.113146 0.0745041 0.0557592 0.0482023 0.0459731 0.0462916 0.0478562 0.0499295 0.0520463 0.0539183 0.0553895 0.0564077 0.0569845 0.0571738 0.057187 0.0571925 0.0571947  4.22275e+006 910656 1.00111e+006 895268 4.30811e+006 1.58467e+006 445067 1.60054e+006 2.06633e+006 420552 714676 429625 758015 667637 174503 86954.5 47092 1.69769e+006 146080 87354.2 434055 277804 229992 33875.9 38853.2 100261 84911.9 262629
145457 145457 0.000131469 2.02959e-007 2.05335e-008 2.85033e-006 0.000172507 0.00177966 0.00830291 0.0227689 0.034941 0.0312717 0.0202954 0.0122404 0.00792401 0.0058834 0.00507055 0.00483222 0.004867 0.00503546 0.00525884 0.00548729 0.00568967 0.00584897 0.00595934 0.00602191 0.00604244 0.00604387 0.00604446 0.0060447  8.71167e+006 3.43843e+006 762566 856219 784565 3.85873e+006 1.42986e+006 374175 1.14916e+006 1.28985e+006 269084 503793 321896 583923 519198 135955 67797.7 36801.5 1.33223e+006 115231 69259.6 345587 221831 183999 27131.8 31141.5 80399.2 278766
772585 772585 0.000763006 1.17973e-006 1.19368e-007 1.65527e-005 0.0010012 0.0102933 0.0472517 0.124923 0.185675 0.167181 0.11111 0.068164 0.0445099 0.0331732 0.0286298 0.0272945 0.0274894 0.028433 0.0296833 0.0309609 0.0320917 0.0329811 0.0335969 0.033946 0.0340605 0.0340684 0.0340717 0.0340731  3.0748e+006 6.41694e+006 2.59737e+006 592173 678405 636392 3.20034e+006 1.17801e+006 303673 917505 1.03037e+006 216089 402205 255030 458936 406378 106496 53331 29130.3 1.05781e+006 92355.9 55859.8 279222 179770 149464 22122.1 25337.2 292651
238267 238267 0.00020844 3.22376e-007 3.26109e-008 4.52096e-006 0.000273526 0.00282228 0.0131354 0.0357924 0.0544852 0.0484836 0.0313342 0.018832 0.0121605 0.00901481 0.0077631 0.00739601 0.00744907 0.00770764 0.00805063 0.00840144 0.00871224 0.0089569 0.00912642 0.00922253 0.00925403 0.00925618 0.00925708 0.00925744  2.33281e+006 2.50357e+006 5.37481e+006 2.22839e+006 519011 608104 579450 2.79931e+006 939890 223121 683299 810092 174953 328938 208735 375023 332043 87251.5 43920.2 24145.1 882354 77442.5 47016.2 235594 151900 126400 18717.2 269120
857563 857563 0.000763393 1.18045e-006 1.19357e-007 1.6559e-005 0.00100153 0.0102938 0.0472158 0.124642 0.184646 0.165214 0.108988 0.0665214 0.0433334 0.0322654 0.0278357 0.0265331 0.0267199 0.027635 0.0288483 0.0300882 0.0311856 0.0320488 0.0326466 0.0329853 0.0330964 0.0331041 0.0331073 0.0331085  2.22718e+006 1.94582e+006 2.09986e+006 4.55924e+006 1.93244e+006 493973 558890 524101 2.43528e+006 802676 196547 576188 667468 146140 272572 172188 300155 268828 74601.2 39382.7 22119.9 725830 68574 42156.1 196655 127595 108551 257732
326139 326139 0.00036065 5.56864e-007 5.62889e-008 7.81885e-006 0.00047314 0.00487315 0.0225928 0.06114 0.0927923 0.0833266 0.0546192 0.0331781 0.0215584 0.0160335 0.0138267 0.0131784 0.0132719 0.0137284 0.0143339 0.014953 0.0155013 0.0159327 0.0162315 0.0164009 0.0164565 0.0164604 0.016462 0.0164626  5.50132e+006 1.81234e+006 1.62921e+006 1.79831e+006 3.99259e+006 1.73055e+006 449091 487306 415521 1.76547e+006 582085 148175 442667 515450 112718 209729 132430 231435 208334 58183.4 30909 17451.2 574771 54435.1 33512 156463 101566 291637
349138 349138 0.000489791 7.57268e-007 7.65996e-008 1.06237e-005 0.000642691 0.00661865 0.0305903 0.0821099 0.123591 0.110837 0.0728106 0.0442823 0.0287781 0.0213986 0.0184502 0.0175844 0.0177101 0.0183209 0.0191308 0.0199587 0.0206919 0.0212688 0.0216683 0.0218948 0.0219691 0.0219743 0.0219764 0.0219773  2.94901e+006 4.04952e+006 1.37035e+006 1.259e+006 1.42337e+006 3.23361e+006 1.42904e+006 364312 377980 310179 1.32744e+006 448951 115571 344419 399408 87179.8 162113 102626 180070 163244 46001.4 24616.1 13964.1 458600 43640.7 26904.1 125230 315419
282215 282215 0.000347678 5.37858e-007 5.43992e-008 7.54158e-006 0.000456226 0.00470342 0.0218105 0.0589533 0.0891238 0.0794437 0.051636 0.0311595 0.0201626 0.0149606 0.0128876 0.0122792 0.012367 0.0127952 0.0133632 0.013944 0.0144584 0.0148634 0.0151439 0.0153029 0.015355 0.0153586 0.0153601 0.0153607  969139 2.40081e+006 3.39117e+006 1.17472e+006 1.10292e+006 1.27569e+006 2.95397e+006 1.27163e+006 305207 299586 247094 1.08915e+006 372535 95919.5 284711 328987 71757 133798 85167.7 150471 137340 38921.6 20912.8 11895.2 391266 37266.1 22985.2 376561
1.25617e+006 1.25617e+006 0.00127936 1.9791e-006 2.00032e-007 2.77576e-005 0.00167828 0.0171942 0.0778444 0.199833 0.289649 0.261759 0.176972 0.109969 0.072311 0.0540721 0.0467251 0.044559 0.0448695 0.0463913 0.0484078 0.0504667 0.0522878 0.0537192 0.0547099 0.0552712 0.0554553 0.0554681 0.0554734 0.0554756  894596 987920 2.04213e+006 2.88407e+006 1.05084e+006 1.00549e+006 1.16569e+006 2.62201e+006 1.08073e+006 264276 248039 203929 879057 303397 82799.9 229578 261071 59240.8 111305 71308 122521 113816 34630.1 19568.6 11345.1 322558 33702.4 347017
512158 512158 0.000503369 7.77508e-007 7.85525e-008 1.09134e-005 0.000660313 0.00679471 0.0313773 0.0841959 0.126837 0.11401 0.0750997 0.0457785 0.0297976 0.0221773 0.0191294 0.018233 0.0183613 0.0189909 0.0198261 0.0206799 0.0214359 0.0220307 0.0224426 0.0226761 0.0227528 0.0227581 0.0227603 0.0227612  1.2565e+006 727175 826961 1.74702e+006 2.52412e+006 939849 907021 981752 1.89223e+006 679361 169795 174736 152076 672043 233745 63855.5 177143 201922 46020.8 86943.4 56001.5 96647.9 90061.1 27457.5 15534 9012.89 256373 302683
526363 526363 0.000620958 9.61205e-007 9.72125e-008 1.34727e-005 0.000814841 0.0083881 0.038631 0.102839 0.153575 0.13765 0.0906952 0.0552575 0.0359257 0.0267106 0.0230262 0.0219436 0.0221 0.0228626 0.0238737 0.0249072 0.0258223 0.0265423 0.027041 0.0273237 0.0274164 0.0274227 0.0274254 0.0274265  407348 928788 550247 641398 1.38224e+006 2.04188e+006 774381 726804 739654 1.35052e+006 489763 127206 132795 115872 510507 177224 48565 134609 154100 35415.7 67335.1 43595 75397.7 70474.4 21588.5 12250.2 7117.35 439107
194884 194884 0.000245427 3.79809e-007 3.84231e-008 5.32405e-006 0.000322079 0.00332331 0.015452 0.0419966 0.0637505 0.0566744 0.0366286 0.0220099 0.0142077 0.0105292 0.00906559 0.00863635 0.00869834 0.0090006 0.00940153 0.00981161 0.0101749 0.0104609 0.0106591 0.0107714 0.0108082 0.0108108 0.0108118 0.0108122  584475 330519 777107 471126 560363 1.23488e+006 1.85783e+006 681357 591790 560289 1.02704e+006 386105 101802 106390 92438.5 405650 140694 38658.7 107748 124212 28743.5 54962.5 35731.3 61964.7 58010 17786.1 10097.4 367909
1.22952e+006 1.22952e+006 0.00158975 2.45968e-006 2.48729e-007 3.45007e-005 0.00208553 0.0213275 0.0958271 0.241907 0.345861 0.313703 0.214614 0.134561 0.088923 0.0666556 0.0576566 0.0550017 0.0553851 0.0572547 0.0597302 0.0622564 0.0644897 0.0662443 0.0674583 0.068146 0.0683716 0.0683874 0.0683939 0.0683965  612792 587212 359051 749846 431981 567704 1.14954e+006 1.66575e+006 605160 510408 468557 843250 314613 90083.1 88946.6 74767 318015 113485 34926.9 89066.9 100976 24936.2 47950 31115.8 51358.4 48983.6 16573 328530
309601 309601 0.000420408 6.49477e-007 6.56609e-008 9.11597e-006 0.000551568 0.00568018 0.0262947 0.0708915 0.107194 0.0962199 0.0631475 0.0383867 0.0249474 0.0185534 0.0159989 0.0152485 0.0153568 0.0158854 0.0165864 0.0173031 0.0179378 0.0184372 0.0187831 0.0189792 0.0190435 0.019048 0.0190498 0.0190506  1.36206e+006 498028 491637 307540 656499 386324 510170 949449 1.13697e+006 348643 303069 313310 608647 235284 68239.1 67588.2 56881.8 242521 86898.6 26879.8 68884.3 78408.5 19417 37403.5 24297.7 40133.9 38296.5 269884
492681 492681 0.000845731 1.30988e-006 1.32509e-007 1.83544e-005 0.00110984 0.0114115 0.0522583 0.137336 0.202808 0.182133 0.120981 0.0741428 0.0483488 0.035995 0.0310454 0.0295903 0.0298011 0.0308269 0.0321864 0.0335757 0.0348054 0.0357727 0.0364426 0.0368222 0.0369467 0.0369552 0.0369588 0.0369602  2.03646e+006 1.00544e+006 379741 382236 245303 532924 319089 412771 727840 831689 257196 229915 239826 465619 179392 52060.8 51460.9 43361.1 185584 67028.4 20985 53819.1 61428.5 15296.7 29511.1 19181.1 31621.2 243404
569346 569346 0.00136941 2.12223e-006 2.14675e-007 2.97292e-005 0.0017969 0.0184162 0.0832034 0.212296 0.3057 0.275609 0.186302 0.115684 0.0759828 0.0567638 0.0490254 0.0467457 0.0470748 0.04868 0.0508061 0.052977 0.0548971 0.0564064 0.0574511 0.0580429 0.058237 0.0582503 0.0582559 0.0582581  3.73633e+006 1.65005e+006 841049 325226 333661 218868 483112 276498 322173 515853 594251 193854 178107 187155 362817 139374 40423 40065.1 33941.8 146256 53175.5 16739.8 43101.6 49323 12300.8 23751.8 15445.2 221519
546299 546299 0.0017571 2.72071e-006 2.75058e-007 3.814e-005 0.00230503 0.0235525 0.105355 0.263419 0.373514 0.338954 0.232975 0.146556 0.0969952 0.0727451 0.062932 0.0600344 0.0604507 0.0624878 0.0651851 0.0679372 0.0703698 0.0722807 0.0736027 0.0743515 0.0745971 0.0746142 0.0746213 0.0746241  3.26288e+006 3.0344e+006 1.49042e+006 791681 345967 344974 241050 439304 206098 230683 339719 405821 148036 140986 142551 267990 104016 34471.5 32995.5 26810.9 110097 42037 15807 35076.5 38450.7 10602.6 20486 199130
552945 552945 0.00250357 3.87225e-006 3.91316e-007 5.43423e-005 0.00328343 0.0333722 0.146568 0.353049 0.487506 0.44941 0.320177 0.207087 0.139235 0.105241 0.091339 0.0872184 0.0878134 0.090716 0.0945549 0.0984665 0.101919 0.104628 0.106501 0.107561 0.107909 0.107934 0.107944 0.107948  3.22582e+006 2.64595e+006 2.539e+006 1.2752e+006 691893 308721 308802 196491 289771 112539 130006 218034 283289 107432 103760 105269 198142 77084.5 25648.2 24671.4 20143.4 83040.4 31791.6 11974.9 26600.1 29179.8 8050.07 166789
500731 500731 0.0035177 5.4652e-006 5.52773e-007 7.64762e-005 0.00461493 0.0466905 0.19993 0.456125 0.602698 0.557345 0.407608 0.268857 0.182479 0.138433 0.12028 0.114886 0.115668 0.119471 0.124494 0.129606 0.134113 0.137646 0.140087 0.141467 0.141921 0.141952 0.141966 0.141971  2.94152e+006 2.36717e+006 1.9981e+006 1.95882e+006 1.01028e+006 559567 248538 218001 104084 118361 49145.2 70704 135959 189046 74087.3 72336 73467.2 138343 53993 18133 17476.6 14266.2 58723.7 22555.9 8577.99 18920.8 20714.3 124650
