num_tag_releases
15
num_regions
5
num_fish_periods
 156 156 156 156 156
num_alltagfish_incidents
 4 4 4 4 4 4 4 4 4 4 4 4 4 4 4 4
 5 5 5 5 5 5 5 5 5 5 5 5 5 5 5 5
 4 4 2 4 4 4 4 3 4 4 2 4 4 4 2 4
 1 1 1 1 1 1 1 1 1 1 1 1 1 1 1 1
 7 6 7 7 7 6 6 7 7 7 6 7 6 6 5 7
 4 4 4 4 4 4 4 4 4 4 4 4 4 4 4
 5 5 5 5 5 5 5 5 5 5 5 5 5 5 5
 4 2 4 4 4 4 3 4 4 2 4 4 4 2 4
 1 1 1 1 1 1 1 1 1 1 1 1 1 1 1
 6 7 7 7 6 6 7 7 7 6 7 6 6 5 7
 4 4 4 4 4 4 4 4 4 4 4 4 4 4 4 4 4 4 4 4 4 4 4
 5 5 5 5 5 5 5 5 5 5 5 5 5 5 5 5 5 5 5 5 5 5 5
 4 3 2 4 4 2 3 4 4 2 4 4 4 4 3 4 4 2 4 4 4 2 4
 1 1 1 1 1 1 1 1 1 1 1 1 1 1 1 1 1 1 1 1 1 1 1
 7 7 7 7 7 7 7 7 6 7 7 7 6 6 7 7 7 6 7 6 6 5 7
 4 4 4 4 4 4 4 4 4 4 4 4 4 4 4 4 4 4 4 4 4 4
 5 5 5 5 5 5 5 5 5 5 5 5 5 5 5 5 5 5 5 5 5 5
 3 2 4 4 2 3 4 4 2 4 4 4 4 3 4 4 2 4 4 4 2 4
 1 1 1 1 1 1 1 1 1 1 1 1 1 1 1 1 1 1 1 1 1 1
 7 7 7 7 7 7 7 6 7 7 7 6 6 7 7 7 6 7 6 6 5 7
 4 4 4 4 4 4 4 4 4 4 4 4 4 4 4 4 4 4 4 4 4
 5 5 5 5 5 5 5 5 5 5 5 5 5 5 5 5 5 5 5 5 5
 2 4 4 2 3 4 4 2 4 4 4 4 3 4 4 2 4 4 4 2 4
 1 1 1 1 1 1 1 1 1 1 1 1 1 1 1 1 1 1 1 1 1
 7 7 7 7 7 7 6 7 7 7 6 6 7 7 7 6 7 6 6 5 7
 4 4 4 4 4 4 4 4 4 4 4 4 4 4 4 4 4 4 4 4
 5 5 5 5 5 5 5 5 5 5 5 5 5 5 5 5 5 5 5 5
 4 4 2 3 4 4 2 4 4 4 4 3 4 4 2 4 4 4 2 4
 1 1 1 1 1 1 1 1 1 1 1 1 1 1 1 1 1 1 1 1
 7 7 7 7 7 6 7 7 7 6 6 7 7 7 6 7 6 6 5 7
 4 4 4 4 4 4 4 4 4 4 4 4 4 4 4 4 4 4 4
 5 5 5 5 5 5 5 5 5 5 5 5 5 5 5 5 5 5 5
 4 2 3 4 4 2 4 4 4 4 3 4 4 2 4 4 4 2 4
 1 1 1 1 1 1 1 1 1 1 1 1 1 1 1 1 1 1 1
 7 7 7 7 6 7 7 7 6 6 7 7 7 6 7 6 6 5 7
 4 4 4 4 4 4 4 4 4 4 4 4 4 4 4 4 4 4
 5 5 5 5 5 5 5 5 5 5 5 5 5 5 5 5 5 5
 2 3 4 4 2 4 4 4 4 3 4 4 2 4 4 4 2 4
 1 1 1 1 1 1 1 1 1 1 1 1 1 1 1 1 1 1
 7 7 7 6 7 7 7 6 6 7 7 7 6 7 6 6 5 7
 4 4 4 4 4 4 4 4 4 4 4 4 4 4 4 4 4
 5 5 5 5 5 5 5 5 5 5 5 5 5 5 5 5 5
 3 4 4 2 4 4 4 4 3 4 4 2 4 4 4 2 4
 1 1 1 1 1 1 1 1 1 1 1 1 1 1 1 1 1
 7 7 6 7 7 7 6 6 7 7 7 6 7 6 6 5 7
 4 4 4 4 4 4 4 4 4 4 4 4 4 4 4 4
 5 5 5 5 5 5 5 5 5 5 5 5 5 5 5 5
 4 4 2 4 4 4 4 3 4 4 2 4 4 4 2 4
 1 1 1 1 1 1 1 1 1 1 1 1 1 1 1 1
 7 6 7 7 7 6 6 7 7 7 6 7 6 6 5 7
 4 4 4 4 4 4 4 4 4 4 4 4 4 4 4
 5 5 5 5 5 5 5 5 5 5 5 5 5 5 5
 4 2 4 4 4 4 3 4 4 2 4 4 4 2 4
 1 1 1 1 1 1 1 1 1 1 1 1 1 1 1
 6 7 7 7 6 6 7 7 7 6 7 6 6 5 7
 4 4 4 4 4 4 4 4 4 4 4 4 4 4
 5 5 5 5 5 5 5 5 5 5 5 5 5 5
 2 4 4 4 4 3 4 4 2 4 4 4 2 4
 1 1 1 1 1 1 1 1 1 1 1 1 1 1
 7 7 7 6 6 7 7 7 6 7 6 6 5 7
 4 4 4 4 4 4 4 4 4 4 4 4 4 4 4 4 4 4 4 4 4 4 4
 5 5 5 5 5 5 5 5 5 5 5 5 5 5 5 5 5 5 5 5 5 5 5
 4 3 2 4 4 2 3 4 4 2 4 4 4 4 3 4 4 2 4 4 4 2 4
 1 1 1 1 1 1 1 1 1 1 1 1 1 1 1 1 1 1 1 1 1 1 1
 7 7 7 7 7 7 7 7 6 7 7 7 6 6 7 7 7 6 7 6 6 5 7
 4 4 4 4 4 4 4 4 4 4 4 4 4 4 4 4 4 4 4 4 4 4
 5 5 5 5 5 5 5 5 5 5 5 5 5 5 5 5 5 5 5 5 5 5
 3 2 4 4 2 3 4 4 2 4 4 4 4 3 4 4 2 4 4 4 2 4
 1 1 1 1 1 1 1 1 1 1 1 1 1 1 1 1 1 1 1 1 1 1
 7 7 7 7 7 7 7 6 7 7 7 6 6 7 7 7 6 7 6 6 5 7
 4 4 4 4 4 4 4 4 4 4 4 4 4 4 4 4 4 4 4 4
 5 5 5 5 5 5 5 5 5 5 5 5 5 5 5 5 5 5 5 5
 4 4 2 3 4 4 2 4 4 4 4 3 4 4 2 4 4 4 2 4
 1 1 1 1 1 1 1 1 1 1 1 1 1 1 1 1 1 1 1 1
 7 7 7 7 7 6 7 7 7 6 6 7 7 7 6 7 6 6 5 7
