57745.3 57745.3 9.12428e-011 3.54051e-009 3.26055e-007 5.40706e-006 5.98097e-005 0.000497864 0.00257071 0.00745089 0.011623 0.010263 0.00642692 0.00367557 0.00222433 0.00152666 0.0012081 0.00105961 0.000990866 0.000962861 0.000956033 0.000959451 0.000966766 0.000974369 0.000980467 0.000984287 0.000985738 0.000985971 0.000986068 0.000986107  4.72925e+006 3.22401e+006 2.66406e+006 2.47839e+006 2.17686e+006 1.62437e+006 1.47822e+006 1.48347e+006 1.34727e+006 1.00576e+006 901647 903989 816955 605820 532428 518094 458894 340719 301669 296269 268805 207873 189364 187778 173007 137505 126479 290532
57272 57272 8.5784e-011 3.32868e-009 3.06547e-007 5.08353e-006 5.62312e-005 0.000468084 0.00241711 0.00700675 0.0109315 0.00965165 0.00604296 0.00345545 0.00209097 0.00143511 0.00113567 0.000996104 0.000931499 0.000905187 0.000898779 0.000902 0.000908883 0.000916035 0.000921771 0.000925364 0.000926728 0.000926947 0.000927038 0.000927075  7.9543e+006 3.90372e+006 2.71122e+006 2.29882e+006 2.21019e+006 1.98863e+006 1.51875e+006 1.38189e+006 1.38505e+006 1.25333e+006 941673 846349 839736 752393 559112 490714 474269 421514 319038 285478 279505 255209 201540 184773 181028 166976 135345 408619
104063 104063 1.59666e-010 6.19554e-009 5.70563e-007 9.46182e-006 0.000104659 0.000871049 0.00449407 0.0130011 0.0202485 0.0178889 0.0112193 0.00642325 0.00388935 0.00267016 0.00211324 0.00185359 0.00173337 0.00168439 0.00167244 0.00167842 0.0016912 0.0017045 0.00171516 0.00172184 0.00172438 0.00172478 0.00172495 0.00172502  2.22765e+006 6.26478e+006 3.14952e+006 2.24056e+006 1.94572e+006 1.91599e+006 1.76502e+006 1.34513e+006 1.21789e+006 1.21538e+006 1.10085e+006 826508 735865 723449 643466 476124 417628 404878 361983 276004 248766 245041 224725 177983 163451 160286 147915 481994
61461.2 61461.2 9.99403e-011 3.878e-009 3.57135e-007 5.92247e-006 6.55107e-005 0.000545308 0.00281541 0.00815818 0.0127238 0.0112358 0.00703751 0.00402534 0.00243619 0.00167212 0.00132322 0.00116059 0.0010853 0.00105462 0.00104714 0.00105088 0.00105889 0.00106722 0.0010739 0.00107808 0.00107967 0.00107993 0.00108003 0.00108008  1.78621e+006 1.67114e+006 4.80542e+006 2.47684e+006 1.80463e+006 1.60515e+006 1.61797e+006 1.48476e+006 1.12156e+006 1.00764e+006 1.00776e+006 915307 682736 603176 588847 521626 385988 339660 331091 298197 229184 207849 205508 189017 150083 137980 135271 532072
47291.9 47291.9 7.35612e-011 2.85443e-009 2.62872e-007 4.35926e-006 4.82198e-005 0.000401406 0.00207308 0.00601148 0.00938144 0.00828247 0.00518466 0.00296429 0.00179362 0.00123096 0.000974065 0.000854332 0.000798902 0.000776322 0.000770818 0.000773575 0.000779474 0.000785606 0.000790523 0.000793604 0.000794774 0.000794962 0.00079504 0.000795072  1.57533e+006 1.46208e+006 1.40125e+006 4.12725e+006 2.17879e+006 1.62587e+006 1.48052e+006 1.48868e+006 1.35832e+006 1.02093e+006 918390 918554 826946 611378 536239 521263 461464 342510 303182 297709 270075 208827 190219 188622 173779 138110 127034 614565
33619.3 33619.3 4.9577e-011 1.92375e-009 1.77163e-007 2.93794e-006 3.24982e-005 0.000270548 0.00139766 0.00405559 0.00633274 0.00558989 0.00349734 0.00199883 0.00120921 0.000829801 0.0006566 0.000575879 0.00053851 0.000523287 0.000519576 0.000521434 0.000525411 0.000529544 0.000532859 0.000534936 0.000535724 0.000535851 0.000535904 0.000535925  2.11284e+006 1.44823e+006 1.34789e+006 1.24486e+006 3.601e+006 1.99035e+006 1.5203e+006 1.38475e+006 1.39187e+006 1.26619e+006 957263 862517 853349 761536 564115 494088 477044 423762 320607 286817 280799 256361 202411 185558 181807 167691 135906 729494
125278 125278 1.88371e-010 7.30944e-009 6.73144e-007 1.11629e-005 0.000123474 0.00102757 0.00529984 0.0153199 0.0238436 0.0210693 0.0132219 0.00757302 0.00458659 0.00314919 0.00249249 0.00218631 0.00204455 0.00198679 0.00197271 0.00197976 0.00199485 0.00201053 0.00202311 0.00203099 0.00203398 0.00203446 0.00203466 0.00203474  2.87066e+006 1.66403e+006 1.16842e+006 1.11389e+006 1.05365e+006 3.12172e+006 1.76691e+006 1.34793e+006 1.22417e+006 1.22727e+006 1.11696e+006 842592 751309 736130 651928 480772 420793 407502 364125 277515 250068 246305 225859 178845 164232 161060 148626 767217
73166.7 73166.7 1.13793e-010 4.41555e-009 4.06639e-007 6.74338e-006 7.45907e-005 0.000620871 0.00320502 0.00928353 0.014474 0.0127824 0.00800851 0.00458165 0.00277316 0.00190351 0.00150637 0.00132125 0.00123555 0.00120064 0.00119213 0.00119639 0.00120552 0.001215 0.0012226 0.00122736 0.00122917 0.00122946 0.00122959 0.00122963  9.51838e+006 2.15311e+006 1.28007e+006 923102 901132 870061 2.63292e+006 1.48507e+006 1.12112e+006 1.00892e+006 1.0141e+006 926611 695052 615256 598748 528177 389552 342067 333083 299826 230336 208844 206478 189887 150744 138577 135865 773363
77089.8 77089.8 1.10734e-010 4.29687e-009 3.95711e-007 6.56217e-006 7.25849e-005 0.000604147 0.00311855 0.00903345 0.0140847 0.0124377 0.00779154 0.00445707 0.00269759 0.0018516 0.00146531 0.00128526 0.00120192 0.00116798 0.00115971 0.00116387 0.00117275 0.00118198 0.00118938 0.00119402 0.00119578 0.00119606 0.00119618 0.00119622  1.35157e+007 7.79099e+006 1.80537e+006 1.09941e+006 812005 811849 802433 2.42152e+006 1.35697e+006 1.01859e+006 917975 923270 836533 622074 546744 529829 467103 345565 305241 299415 271475 209820 191079 189461 174532 138682 127550 837101
62148 62148 8.8348e-011 3.42819e-009 3.15711e-007 5.23553e-006 5.79114e-005 0.000482043 0.00248893 0.00721415 0.0112541 0.00993648 0.00622165 0.00355779 0.00215292 0.00147762 0.0011693 0.00102561 0.000959093 0.000932005 0.000925409 0.000928727 0.000935815 0.000943179 0.000949084 0.000952784 0.000954188 0.000954414 0.000954508 0.000954546  1.08967e+007 1.0958e+007 6.47505e+006 1.59825e+006 1.02406e+006 819494 840453 766104 2.19939e+006 1.25809e+006 950469 859220 855559 768657 572706 502679 483993 428243 322965 288333 281996 257317 203073 186124 182357 168181 136274 949998
155986 155986 2.67666e-010 1.03863e-008 9.56502e-007 1.58619e-005 0.000175442 0.0014597 0.00752109 0.0216925 0.0336979 0.0297938 0.0187278 0.0107392 0.00650817 0.00446993 0.00353837 0.00310399 0.00290288 0.00282096 0.00280102 0.00281105 0.00283248 0.00285475 0.00287261 0.0028838 0.00288804 0.00288873 0.00288901 0.00288912  1.1576e+007 8.58059e+006 8.83935e+006 5.35009e+006 1.35255e+006 887572 727119 743984 674680 1.92817e+006 1.10401e+006 833552 746518 736565 656907 487349 427505 412886 367504 279208 251081 247054 226426 179213 164533 161352 148881 961870
92395.2 92395.2 2.07224e-010 8.04096e-009 7.40514e-007 1.22801e-005 0.000135828 0.00113026 0.00582773 0.0168363 0.0261911 0.0231457 0.0145298 0.00832397 0.00504197 0.00346208 0.00274028 0.00240377 0.00224798 0.00218454 0.00216909 0.00217687 0.00219347 0.00221072 0.00222456 0.00223322 0.00223651 0.00223704 0.00223726 0.00223735  4.18207e+006 8.67134e+006 6.58644e+006 6.94403e+006 4.30535e+006 1.11693e+006 750504 612109 617270 550311 1.57543e+006 909825 684683 609499 597666 531099 394122 346891 336895 302094 231351 209340 206761 190047 150802 138600 135885 936482
71179 71179 1.70373e-010 6.61148e-009 6.08868e-007 1.00964e-005 0.000111678 0.000929483 0.00479504 0.0138669 0.0215886 0.0190701 0.0119596 0.00684653 0.00414549 0.0028461 0.00225268 0.0019761 0.00184812 0.00179604 0.00178341 0.00178987 0.00180356 0.00181778 0.00182918 0.00183632 0.00183903 0.00183946 0.00183964 0.00183972  2.69438e+006 3.42249e+006 7.26949e+006 5.65585e+006 6.10722e+006 3.87771e+006 1.02923e+006 688012 554545 553514 494862 1.42325e+006 817333 610677 540152 527629 468680 348912 308943 302263 273011 210348 191172 189364 174350 138474 127331 985441
62752.2 62752.2 1.2008e-010 4.65974e-009 4.29127e-007 7.11601e-006 7.87124e-005 0.000655189 0.00338196 0.00979406 0.0152665 0.0134811 0.00844598 0.0048317 0.00292444 0.00200739 0.00158866 0.00139351 0.0013032 0.00126644 0.00125751 0.00126204 0.00127169 0.00128171 0.00128974 0.00129477 0.00129668 0.00129699 0.00129712 0.00129717  2.22052e+006 2.22646e+006 2.8703e+006 6.28255e+006 5.03863e+006 5.46121e+006 3.56264e+006 988102 671723 563707 575455 469800 1.27657e+006 749941 561668 496175 481480 429189 325658 291433 284370 258544 203431 186090 182137 167891 135986 1.0974e+006
303779 303779 4.16557e-010 1.61639e-008 1.48857e-006 2.4685e-005 0.000273025 0.00227091 0.0116817 0.0335568 0.0519484 0.0459841 0.0289991 0.0166683 0.010114 0.00695058 0.00550343 0.00482831 0.00451563 0.00438824 0.00435719 0.00437276 0.00440605 0.00444065 0.0044684 0.00448578 0.00449239 0.00449345 0.00449389 0.00449407  2.9055e+006 1.74864e+006 1.79627e+006 2.37198e+006 5.31699e+006 4.36737e+006 4.84598e+006 3.15211e+006 868206 586584 492885 503443 407519 1.09773e+006 640322 477596 421707 410521 368144 281420 253686 249049 227431 179473 164453 161108 148578 1.0918e+006
174243 174243 1.77363e-010 6.8813e-009 6.33722e-007 1.05105e-005 0.000116247 0.000967137 0.00498687 0.0144181 0.0224475 0.0198357 0.0124454 0.00712708 0.00431609 0.00296333 0.00234535 0.00205724 0.00192382 0.00186945 0.00185617 0.00186276 0.00187693 0.00189166 0.00190347 0.00191088 0.00191369 0.00191414 0.00191433 0.00191441  1.57969e+006 2.17703e+006 1.34282e+006 1.41267e+006 1.91005e+006 4.38558e+006 3.68233e+006 4.04199e+006 2.56908e+006 695267 473223 403964 413506 332036 888150 517203 385952 341957 334738 302408 233013 211351 208270 190743 150904 138426 135575 1.04505e+006
123454 123454 9.83476e-011 3.81674e-009 3.51494e-007 5.82826e-006 6.44679e-005 0.000536666 0.00277084 0.00802846 0.0125189 0.0110508 0.00691885 0.00395618 0.00239387 0.001643 0.00130026 0.00114059 0.00106672 0.00103669 0.00102943 0.00103317 0.0010411 0.00104933 0.00105591 0.00106004 0.00106161 0.00106186 0.00106196 0.001062  1.1316e+006 1.29237e+006 1.82397e+006 1.15242e+006 1.24202e+006 1.71955e+006 4.03779e+006 3.37316e+006 3.66477e+006 2.30938e+006 626643 428028 363051 368811 294192 783788 456205 341488 304353 300115 273084 211685 192844 190579 174834 138444 127057 1.08396e+006
77475.7 77475.7 5.61808e-011 2.18011e-009 2.00772e-007 3.3293e-006 3.68271e-005 0.00030659 0.00158373 0.0045945 0.00717241 0.00633043 0.00396052 0.00226344 0.00136925 0.000939638 0.00074355 0.000652182 0.000609899 0.00059269 0.000588511 0.000590634 0.000595152 0.000599843 0.000603604 0.000605959 0.000606853 0.000606997 0.000607057 0.000607081  861415 949751 1.09145e+006 1.57704e+006 1.03134e+006 1.13394e+006 1.59823e+006 3.7743e+006 3.13571e+006 3.31748e+006 2.10802e+006 607913 422051 368410 381128 274025 691719 418088 318998 287280 282404 258591 204653 187632 183261 168344 135969 1.1964e+006
224408 224408 1.8244e-010 7.07942e-009 6.51961e-007 1.08114e-005 0.000119586 0.000995251 0.00513358 0.0148416 0.0231016 0.0204118 0.012807 0.00733445 0.00444178 0.00304968 0.00241373 0.00211725 0.00197999 0.00192409 0.00191047 0.00191732 0.00193194 0.00194714 0.00195933 0.00196696 0.00196986 0.00197032 0.00197052 0.0019706  835304 678341 766230 901947 1.33464e+006 893960 1.00653e+006 1.41666e+006 3.33427e+006 2.7615e+006 2.92229e+006 1.85271e+006 528679 363468 314867 324321 233047 590128 358830 275824 250217 247472 227609 180660 165916 162201 149069 1.18014e+006
118909 118909 1.31767e-010 5.11218e-009 4.70799e-007 7.80842e-006 8.6363e-005 0.000718578 0.00370711 0.0107315 0.0167259 0.0147746 0.00926054 0.00529933 0.00320799 0.00220215 0.00174279 0.00152865 0.00142951 0.0013891 0.00137923 0.00138414 0.00139467 0.00140562 0.0014144 0.0014199 0.00142199 0.00142233 0.00142247 0.00142252  965871 626440 521932 603831 726910 1.10092e+006 754963 846124 1.17852e+006 2.74988e+006 2.2826e+006 2.42181e+006 1.52644e+006 433622 296468 256158 264044 189494 481526 295433 228908 208946 207433 191337 152255 139982 136813 1.12259e+006
52177.6 52177.6 7.58543e-011 2.94361e-009 2.71085e-007 4.4952e-006 4.97234e-005 0.000413938 0.00213777 0.00619838 0.0096715 0.00853733 0.00534357 0.00305484 0.0018483 0.00126847 0.00100378 0.000880447 0.000823369 0.000800139 0.000794498 0.000797365 0.000803464 0.000809797 0.000814874 0.000818054 0.000819261 0.000819455 0.000819536 0.000819568  1.37412e+006 790188 524829 447908 530881 654417 1.01381e+006 692430 770067 1.06575e+006 2.49156e+006 2.07123e+006 2.18027e+006 1.36273e+006 384424 261746 226033 233710 168717 431876 266884 208033 190721 189885 175444 139737 128534 1.15673e+006
36205.4 36205.4 6.4125e-011 2.48829e-009 2.29153e-007 3.80007e-006 4.20344e-005 0.000349925 0.0018074 0.00524235 0.00818284 0.00722357 0.00452077 0.00258428 0.00156354 0.00107301 0.000849072 0.000744704 0.00069639 0.000676713 0.000671919 0.000674325 0.00067947 0.000684817 0.000689105 0.000691791 0.000692811 0.000692975 0.000693043 0.00069307  7.18185e+006 1.12645e+006 664582 463927 422907 512145 620728 946329 649829 716360 989980 2.33539e+006 1.91075e+006 1.94627e+006 1.22116e+006 367568 255967 228171 244075 161041 392385 253347 201605 185945 182882 169140 137351 1.27279e+006
138949 138949 3.04637e-010 1.18209e-008 1.08861e-006 1.80527e-005 0.000199675 0.00166124 0.00855646 0.0246547 0.0382676 0.0338454 0.0212929 0.0122178 0.00740674 0.00508786 0.00402772 0.0035333 0.00330433 0.00321105 0.00318831 0.0031997 0.00322407 0.00324939 0.00326971 0.00328244 0.00328727 0.00328805 0.00328837 0.0032885  2.1735e+007 5.65599e+006 908786 549195 392649 366598 454589 550076 835479 571791 630721 870233 2.03241e+006 1.64712e+006 1.66515e+006 1.04018e+006 312886 218551 195974 211180 140349 344043 223113 178061 164508 161947 149850 1.24966e+006
92921.5 92921.5 2.67925e-010 1.03947e-008 9.57282e-007 1.58771e-005 0.000175595 0.0014605 0.00752246 0.0216946 0.0337048 0.0298043 0.0187365 0.0107448 0.00651178 0.00447244 0.00354033 0.00310566 0.00290435 0.00282231 0.00280226 0.00281221 0.00283358 0.00285581 0.00287363 0.0028848 0.00288905 0.00288973 0.00289001 0.00289013  4.35673e+006 1.62727e+007 4.33831e+006 714526 442608 324311 310430 382072 453489 677844 466161 518737 714028 1.65926e+006 1.33655e+006 1.345e+006 840488 254470 178978 161834 175865 117096 287554 187343 149892 138631 136436 1.18059e+006
28159.6 28159.6 9.79359e-011 3.80054e-009 3.50002e-007 5.80379e-006 6.41977e-005 0.000534406 0.00275921 0.00799529 0.0124686 0.011008 0.00689309 0.00394193 0.00238542 0.00163723 0.00129566 0.00113649 0.00106283 0.00103286 0.00102559 0.00102929 0.00103717 0.00104534 0.0010519 0.001056 0.00105756 0.00105781 0.00105792 0.00105796  3.74116e+007 3.56406e+006 1.36322e+007 3.72277e+006 628164 398402 298382 283527 343637 402630 604292 418722 464290 635195 1.46739e+006 1.17768e+006 1.18473e+006 742686 226198 160261 145954 159563 106703 262785 171492 137335 127079 1.2076e+006
22371.9 22371.9 8.46312e-011 3.28405e-009 3.02437e-007 5.01529e-006 5.54759e-005 0.000461797 0.00238462 0.00691258 0.0107844 0.00952126 0.00596112 0.0034086 0.00206258 0.00141559 0.00112021 0.000982542 0.000918821 0.000892873 0.000886558 0.00088974 0.000896533 0.00090359 0.00090925 0.000912795 0.000914141 0.000914357 0.000914447 0.000914483  3.33514e+006 3.02347e+007 2.96458e+006 1.15778e+007 3.24665e+006 570836 377630 287289 289114 347998 386214 563671 390164 425614 578324 1.34564e+006 1.06692e+006 1.05019e+006 672196 222160 161817 151416 170896 104593 243163 165435 135065 1.32225e+006
152967 152967 6.18968e-010 2.40183e-008 2.21191e-006 3.66797e-005 0.000405661 0.00337237 0.0173061 0.0494381 0.0761719 0.0675267 0.0427669 0.0246571 0.0149857 0.0103067 0.00816383 0.00716371 0.00670046 0.00651177 0.00646584 0.00648898 0.00653839 0.00658971 0.00663087 0.00665665 0.00666644 0.00666802 0.00666867 0.00666894  2.14082e+006 2.62638e+006 2.43916e+007 2.44976e+006 9.7984e+006 2.81414e+006 506588 334414 253160 253651 305574 338862 489902 335991 363823 492238 1.14465e+006 910370 901436 581256 193503 141801 133272 150855 92484 215209 146487 1.29075e+006
108906 108906 3.60578e-010 1.39901e-008 1.2884e-006 2.13679e-005 0.000236312 0.00196505 0.0101099 0.0290808 0.0450772 0.0398826 0.025118 0.014423 0.00874675 0.00600954 0.00475803 0.00417441 0.0039042 0.00379417 0.00376739 0.00378088 0.00380968 0.0038396 0.00386359 0.00387862 0.00388433 0.00388525 0.00388563 0.00388579  3.4079e+006 1.60495e+006 2.01592e+006 1.91603e+007 1.97175e+006 8.07133e+006 2.36737e+006 420320 268423 197302 200191 246651 274784 396447 271125 292781 396300 925245 739866 737233 479210 161059 118638 111901 127020 77641.6 180267 1.20772e+006
88021.3 88021.3 1.5482e-010 6.00819e-009 5.53311e-007 9.1748e-006 0.000101483 0.00084468 0.00435828 0.0126087 0.0196354 0.0173411 0.0108708 0.00622141 0.00376636 0.00258559 0.00204644 0.0017952 0.00167896 0.00163169 0.00162025 0.00162614 0.0016386 0.00165154 0.0016619 0.00166839 0.00167085 0.00167125 0.00167142 0.00167148  2.63339e+006 2.78719e+006 1.34435e+006 1.72967e+006 1.68408e+007 1.77428e+006 7.42033e+006 2.15564e+006 374889 235232 173812 178356 219541 243426 349384 238165 257173 349274 820419 660924 663360 433802 146436 108177 102206 116121 71013.8 1.26984e+006
121016 121016 1.14483e-010 4.44261e-009 4.09131e-007 6.78431e-006 7.50431e-005 0.000624652 0.00322448 0.0093392 0.0145587 0.0128544 0.00805145 0.0046051 0.00278701 0.00191301 0.001514 0.00132807 0.00124205 0.00120705 0.00119857 0.00120291 0.00121212 0.00122168 0.00122935 0.00123415 0.00123597 0.00123626 0.00123638 0.00123643  3.3021e+006 2.17997e+006 2.35484e+006 1.18109e+006 1.53516e+006 1.49942e+007 1.6348e+006 6.74821e+006 1.94974e+006 344727 225667 169183 186279 225328 232026 318869 218590 234764 321854 771125 615497 605087 404866 148256 111692 107226 125033 1.32192e+006
251722 251722 1.6427e-010 6.37453e-009 5.87048e-007 9.73477e-006 0.000107675 0.000896123 0.00462285 0.0133707 0.0208192 0.0183901 0.0115323 0.00660165 0.00399708 0.00274411 0.00217188 0.00190518 0.00178175 0.00173152 0.00171933 0.00172553 0.00173873 0.00175243 0.00176341 0.00177029 0.0017729 0.00177332 0.00177349 0.00177356  6.32058e+006 2.60015e+006 1.75866e+006 1.9459e+006 999482 1.33051e+006 1.3304e+007 1.44643e+006 5.93101e+006 1.70337e+006 301473 197368 146652 160038 192209 197116 270786 186234 201234 277954 670843 538737 531979 356991 130947 98744.2 94841.2 1.28018e+006
397153 397153 2.20307e-010 8.54844e-009 7.87254e-007 1.30555e-005 0.000144397 0.00120135 0.0061921 0.0178809 0.027806 0.0245733 0.0154285 0.00883965 0.00535452 0.00367683 0.00291041 0.00255315 0.0023878 0.0023205 0.00230415 0.00231244 0.0023301 0.00234844 0.00236315 0.00237235 0.00237585 0.00237641 0.00237665 0.00237674  5.89119e+006 4.73864e+006 1.99549e+006 1.38293e+006 1.56739e+006 824995 1.12278e+006 1.11698e+007 1.20383e+006 4.89185e+006 1.40786e+006 250116 162994 120160 130687 156270 159745 219694 152035 165435 230242 559373 450803 445907 300023 110553 83464.3 1.16056e+006
51157.7 51157.7 2.63859e-011 1.02397e-009 9.43e-008 1.56367e-006 1.72966e-005 0.000144011 0.000744167 0.00216056 0.00337493 0.00297777 0.00186163 0.00106337 0.000643092 0.000441258 0.000349158 0.000306253 0.000286402 0.000278327 0.00027637 0.000277372 0.000279498 0.000281704 0.000283472 0.000284579 0.000284999 0.000285067 0.000285095 0.000285106  1.16796e+007 4.81924e+006 3.97077e+006 1.7128e+006 1.21581e+006 1.41101e+006 759567 1.02768e+006 1.00941e+007 1.076e+006 4.38492e+006 1.26823e+006 224089 144999 106219 115094 137586 141109 195244 136124 149204 208917 509802 412047 408262 274947 101361 1.14091e+006
32594.8 32594.8 2.07665e-011 8.05833e-010 7.42112e-008 1.23064e-006 1.36128e-005 0.000113336 0.000585688 0.0017008 0.00265745 0.00234504 0.00146617 0.000837541 0.00050654 0.000347562 0.000275006 0.000241196 0.000225547 0.000219175 0.000217624 0.000218405 0.000220073 0.000221806 0.000223196 0.000224066 0.000224397 0.00022445 0.000224472 0.000224481  9.55709e+006 9.46675e+006 4.03604e+006 3.50879e+006 1.52115e+006 1.11427e+006 1.3313e+006 726125 958222 9.1769e+006 995850 3.97822e+006 1.14244e+006 206143 140162 102550 120000 142574 137755 183256 129169 141051 199535 494567 392232 378003 260361 1.25385e+006
79045.3 79045.3 7.45192e-011 2.89156e-009 2.66291e-007 4.41603e-006 4.88468e-005 0.0004066 0.00209971 0.00608832 0.00950105 0.00838795 0.00525062 0.00300194 0.00181638 0.00124657 0.000986434 0.000865194 0.00080907 0.000786212 0.000780643 0.000783438 0.000789414 0.000795624 0.000800605 0.000803725 0.00080491 0.0008051 0.000805179 0.000805211  3.06023e+006 7.52625e+006 7.63741e+006 3.33525e+006 2.9696e+006 1.3186e+006 989266 1.18124e+006 643410 847947 8.11966e+006 877960 3.46731e+006 985549 176434 119419 87310.6 102478 122478 119214 159745 113282 124249 176278 437663 347424 334981 1.34223e+006
92148 92148 1.25626e-010 4.87404e-009 4.48867e-007 7.44454e-006 8.23393e-005 0.000685134 0.00353498 0.010235 0.0159541 0.0140921 0.0088317 0.00505356 0.00305908 0.00209987 0.0016618 0.0014576 0.00136305 0.00132452 0.00131511 0.00131979 0.00132983 0.00134027 0.00134864 0.00135389 0.00135588 0.0013562 0.00135634 0.00135639  1.49526e+006 2.30455e+006 5.77236e+006 5.99964e+006 2.68497e+006 2.45123e+006 1.11342e+006 833946 992004 538591 709363 6.77712e+006 726474 2.83957e+006 801304 143054 97073.6 71173.4 84299.7 101456 99209.9 133436 95045.6 104499 148563 369385 293058 1.41716e+006
41201.8 41201.8 6.29181e-011 2.44155e-009 2.24848e-007 3.72857e-006 4.12436e-005 0.000343353 0.00177351 0.00514414 0.00802932 0.00708736 0.00443495 0.00253496 0.00153362 0.00105246 0.00083283 0.000730482 0.000683114 0.00066383 0.000659143 0.000661516 0.000666572 0.000671823 0.000676034 0.000678671 0.000679672 0.000679833 0.0006799 0.000679927  1.52727e+006 1.22332e+006 1.93089e+006 4.95407e+006 5.27502e+006 2.41736e+006 2.25766e+006 1.0216e+006 759556 897997 488436 644105 6.10434e+006 648834 2.51831e+006 707686 126268 85945.6 63386.9 75628 91676.1 90187.3 121830 87029.2 95846.1 136386 339271 1.57121e+006
37898.4 37898.4 5.23204e-011 2.03023e-009 1.86969e-007 3.10053e-006 3.42966e-005 0.000285518 0.00147493 0.00427945 0.00668173 0.00589794 0.00369022 0.00210913 0.00127595 0.000875605 0.000692849 0.000607676 0.000568248 0.000552189 0.000548276 0.000550239 0.000554437 0.000558799 0.000562298 0.00056449 0.000565322 0.000565456 0.000565512 0.000565534  1.95685e+006 1.28271e+006 1.05053e+006 1.86932e+006 4.33022e+006 4.71614e+006 2.24146e+006 2.14845e+006 951507 711493 853392 469405 592657 5.41457e+006 585735 2.21259e+006 624736 116042 85188.9 63001.1 81243.3 98264.3 91528.1 117897 84460.3 92109.2 132177 1.88009e+006
105154 105154 1.23714e-010 4.80046e-009 4.42087e-007 7.33131e-006 8.10923e-005 0.000674932 0.00348342 0.0100869 0.0157227 0.013886 0.00870157 0.00497879 0.00301373 0.00206871 0.00163715 0.00143598 0.00134286 0.00130493 0.00129568 0.00130032 0.00131024 0.00132054 0.00132881 0.00133398 0.00133595 0.00133627 0.0013364 0.00133645  2.33118e+006 1.54111e+006 1.03486e+006 868133 1.58213e+006 3.75373e+006 4.18644e+006 1.98705e+006 1.89873e+006 838582 627333 750863 408742 511084 4.63383e+006 499051 1.88384e+006 533524 99686.1 73721.5 54916.3 71247.4 86553.6 80854.4 104324 74806 81619.7 1.78359e+006
147441 147441 1.53917e-010 5.97191e-009 5.49974e-007 9.12113e-006 0.000100883 0.000839412 0.00432973 0.0125262 0.0195118 0.0172372 0.0108088 0.00618732 0.00374616 0.00257177 0.00203539 0.00178535 0.00166958 0.00162242 0.00161092 0.00161667 0.00162899 0.00164178 0.00165205 0.00165848 0.00166092 0.00166131 0.00166148 0.00166154  1.30969e+006 1.74895e+006 1.18347e+006 814637 700245 1.31052e+006 3.16633e+006 3.51999e+006 1.66009e+006 1.57826e+006 697597 522616 621011 335369 415631 3.74789e+006 403965 1.52772e+006 435356 82094.4 61373.5 45970.4 60068.6 73159.9 68304.4 88002 63128.2 1.57516e+006
61599.4 61599.4 5.66989e-011 2.20024e-009 2.02626e-007 3.36003e-006 3.7167e-005 0.00030942 0.00159834 0.0046368 0.00723832 0.00638869 0.00399715 0.00228447 0.00138199 0.000948378 0.000750457 0.000658231 0.00061555 0.000598178 0.000593957 0.000596098 0.000600656 0.000605389 0.000609184 0.000611561 0.000612464 0.000612608 0.000612669 0.000612693  1.19842e+006 1.0715e+006 1.46548e+006 1.01577e+006 716250 630450 1.20697e+006 2.90336e+006 3.19884e+006 1.49724e+006 1.42649e+006 632009 470063 554083 297190 366824 3.30615e+006 357466 1.35992e+006 390395 74149.3 55768.8 41955.3 54980.4 67075.4 62681.4 80796.2 1.50456e+006
46153.5 46153.5 4.39709e-011 1.70628e-009 1.57135e-007 2.60575e-006 2.88236e-005 0.000239964 0.00123974 0.00359781 0.00561836 0.00495872 0.00310184 0.00177253 0.00107222 0.000735768 0.000582196 0.000510631 0.000477507 0.00046402 0.000460737 0.000462392 0.000465923 0.000469592 0.000472534 0.000474377 0.000475076 0.000475189 0.000475236 0.000475254  1.88093e+006 989549 911833 1.31469e+006 917313 672195 611267 1.23861e+006 2.6535e+006 2.9118e+006 1.3879e+006 1.35543e+006 583398 433976 518438 280130 331550 2.90786e+006 326551 1.21558e+006 353734 70531.2 57589.6 42987.5 59970.8 72718.1 64640 1.56586e+006
94373.7 94373.7 1.16064e-010 4.50372e-009 4.1476e-007 6.87798e-006 7.60785e-005 0.000633233 0.00326858 0.00946669 0.0147581 0.0130327 0.00816511 0.00467111 0.00282724 0.00194063 0.00153578 0.00134709 0.00125974 0.00122417 0.00121552 0.00121988 0.00122919 0.00123887 0.00124662 0.00125148 0.00125333 0.00125363 0.00125375 0.0012538  2.98508e+006 1.48124e+006 798342 753518 1.11267e+006 795161 596717 542019 1.09539e+006 2.34094e+006 2.56935e+006 1.2215e+006 1.18018e+006 502967 371272 441558 238430 283060 2.49735e+006 282526 1.05936e+006 310149 62113.9 50864.4 38031.8 53106.4 64425.5 1.44496e+006
94458.1 94458.1 1.69413e-010 6.5734e-009 6.05365e-007 1.00394e-005 0.000111041 0.000923963 0.00476535 0.0137807 0.0214573 0.0189573 0.0118908 0.0068081 0.00412247 0.00283028 0.00224005 0.00196492 0.00183755 0.00178568 0.00177304 0.00177939 0.00179295 0.00180705 0.00181835 0.00182544 0.00182812 0.00182856 0.00182874 0.00182881  3.92228e+006 2.23743e+006 1.13716e+006 628070 607189 919882 672126 503201 454411 914236 1.94714e+006 2.1383e+006 1.00895e+006 967396 409023 300802 357984 194006 231204 2.05203e+006 234225 882246 259513 52231.1 43008.6 32163.5 45037 1.27527e+006
14363.1 14363.1 3.21499e-011 1.24755e-009 1.1489e-007 1.90522e-006 2.10745e-005 0.000175449 0.000906506 0.00263155 0.00411057 0.00362759 0.00226855 0.00129609 0.00078393 0.000537914 0.000425632 0.000373312 0.000349097 0.000339237 0.000336839 0.000338049 0.000340631 0.000343313 0.000345464 0.000346812 0.000347323 0.000347405 0.00034744 0.000347453  4.2655e+006 3.20914e+006 1.87506e+006 976160 552255 546722 847334 616274 456881 409133 825015 1.76232e+006 1.92218e+006 899902 857071 360936 265320 316758 172691 207326 1.85346e+006 212843 805226 237543 47889.9 39470.2 29531.6 1.2126e+006
12163.5 12163.5 2.89301e-011 1.12262e-009 1.03385e-007 1.71442e-006 1.89641e-005 0.000157886 0.000815831 0.00236858 0.0037001 0.00326528 0.00204184 0.00116652 0.000705544 0.000484123 0.000383067 0.000335977 0.000314182 0.000305308 0.000303149 0.000304238 0.000306562 0.000308976 0.000310912 0.000312125 0.000312585 0.000312659 0.00031269 0.000312702  2.63081e+007 3.47352e+006 2.8687e+006 1.64228e+006 871833 510122 519535 837519 592709 443733 405040 839518 1.59113e+006 1.71675e+006 815617 792894 327610 244164 301247 167252 192829 1.67675e+006 201002 736157 219133 46365.5 41494.5 1.24637e+006
32415.6 32415.6 8.58619e-011 3.33184e-009 3.06838e-007 5.08824e-006 5.62827e-005 0.000468514 0.00241928 0.00701275 0.0109402 0.00965864 0.00604714 0.00345779 0.00209234 0.00143602 0.00113638 0.000996735 0.000932101 0.000905785 0.000899384 0.000902617 0.000909511 0.000916673 0.000922416 0.000926013 0.000927378 0.000927598 0.000927689 0.000927726  3.84558e+006 2.07176e+007 2.80229e+006 2.37059e+006 1.3899e+006 755731 452868 460859 741585 523912 392212 356841 731348 1.37211e+006 1.4689e+006 694730 674912 279714 209710 260653 145768 169083 1.47676e+006 177544 651347 194067 41081.6 1.14141e+006
34255.3 34255.3 1.06919e-010 4.14885e-009 3.82079e-007 6.33608e-006 7.00834e-005 0.000583319 0.00301106 0.00872276 0.013601 0.0120097 0.00752236 0.00430262 0.00260395 0.00178729 0.00141442 0.00124065 0.00116022 0.00112747 0.00111951 0.00112353 0.00113212 0.00114103 0.00114818 0.00115265 0.00115435 0.00115463 0.00115474 0.00115478  3.0933e+006 2.89438e+006 1.58876e+007 2.20253e+006 1.91353e+006 1.14707e+006 638465 382074 386881 621130 438540 328190 296138 601576 1.11521e+006 1.18874e+006 562554 548749 228602 172745 216583 121918 141707 1.2393e+006 149538 548129 163450 999966
25756 25756 8.0451e-011 3.12207e-009 2.87521e-007 4.76763e-006 5.27355e-005 0.000438988 0.00226683 0.00657123 0.0102511 0.0090478 0.00566237 0.00323667 0.00195817 0.00134389 0.00106353 0.000932933 0.000872522 0.000847959 0.000842022 0.00084509 0.000851575 0.000858301 0.00086369 0.000867065 0.000868346 0.000868551 0.000868637 0.000868671  5.93321e+006 2.53118e+006 2.42624e+006 1.36417e+007 1.93692e+006 1.72337e+006 1.05744e+006 586894 349017 351468 564919 398889 295884 264619 533681 985199 1.04961e+006 498276 488965 205210 156200 197031 111401 129860 1.13762e+006 137395 503863 1.06975e+006
24250.7 24250.7 6.21109e-011 2.4103e-009 2.21971e-007 3.68076e-006 4.07141e-005 0.000338937 0.00175062 0.00507756 0.00792487 0.0069942 0.00437589 0.00250082 0.00151284 0.00103819 0.000821559 0.000720635 0.000673942 0.000654948 0.000650347 0.000652705 0.000657706 0.000662896 0.000667055 0.00066966 0.000670649 0.000670808 0.000670874 0.0006709  2.52153e+006 4.89302e+006 2.23278e+006 2.32022e+006 1.18515e+007 1.74756e+006 1.69351e+006 999437 550080 331673 335172 565020 382430 283049 257574 521189 868380 927802 455276 460740 191274 148170 193757 110975 122942 1.03855e+006 131263 1.52706e+006
87766.8 87766.8 1.73216e-010 6.72185e-009 6.19036e-007 1.0265e-005 0.000113539 0.000944885 0.00487371 0.0140922 0.0219367 0.019377 0.0121524 0.00695709 0.0042124 0.002892 0.002289 0.00200799 0.00187797 0.00182508 0.00181227 0.00181884 0.00183276 0.00184722 0.0018588 0.00186606 0.00186881 0.00186925 0.00186944 0.00186951  2.74689e+006 1.98526e+006 3.947e+006 1.84487e+006 1.96326e+006 1.02706e+007 1.55077e+006 1.50033e+006 882078 483770 291733 294156 490670 328867 241565 218882 442681 739953 795398 393233 400880 167445 130288 170873 98034.8 108708 918746 1.46743e+006
130952 130952 1.84854e-010 7.17294e-009 6.60584e-007 1.09547e-005 0.000121159 0.00100805 0.00519734 0.0150217 0.0233774 0.0206514 0.0129544 0.0074172 0.00449124 0.00308355 0.00244071 0.00214115 0.00200255 0.00194618 0.00193252 0.00193953 0.00195437 0.00196978 0.00198212 0.00198985 0.00199279 0.00199326 0.00199346 0.00199353  1.48808e+006 2.06053e+006 1.52317e+006 3.10234e+006 1.48803e+006 1.6244e+006 8.65631e+006 1.30239e+006 1.25064e+006 727691 399795 242008 242283 401919 267133 195511 177348 359710 602299 652290 325298 333963 140001 109309 143832 82633.9 91441 2.00758e+006
49725.3 49725.3 4.50242e-011 1.7474e-009 1.60923e-007 2.66825e-006 2.95145e-005 0.000245732 0.00126952 0.00368371 0.00575089 0.00507388 0.00317273 0.0018125 0.0010962 0.000752195 0.000595239 0.000522137 0.000488331 0.000474592 0.000471279 0.000473005 0.000476642 0.000480412 0.000483433 0.000485324 0.000486041 0.000486156 0.000486204 0.000486224  1.11856e+006 1.21693e+006 1.72617e+006 1.30706e+006 2.72666e+006 1.33914e+006 1.49517e+006 7.92587e+006 1.17952e+006 1.122e+006 654182 360530 216761 215310 354807 234921 171896 156451 319279 538626 587624 294844 304040 127829 99975.4 131672 75684.1 1.92302e+006
38205.8 38205.8 2.74882e-011 1.06678e-009 9.82426e-008 1.629e-006 1.80192e-005 0.000150027 0.000775238 0.00225063 0.00351531 0.00310136 0.00193874 0.00110733 0.000669648 0.000459477 0.000363584 0.000318918 0.000298257 0.000289857 0.000287827 0.000288876 0.000291093 0.000293393 0.000295236 0.000296391 0.000296828 0.000296899 0.000296928 0.00029694  773823 951501 1.24856e+006 1.54991e+006 1.15524e+006 2.47499e+006 1.30123e+006 1.50765e+006 7.20057e+006 1.09051e+006 1.10157e+006 619368 336311 204957 202010 349225 223306 164662 155211 316418 487642 535196 278348 294156 121653 96378.2 131509 1.90778e+006
119061 119061 9.72852e-011 3.77542e-009 3.47689e-007 5.76529e-006 6.37708e-005 0.000530843 0.0027407 0.00794132 0.0123836 0.0109317 0.00684433 0.00391359 0.0023681 0.00162531 0.00128626 0.00112829 0.00105521 0.00102549 0.0010183 0.001022 0.00102984 0.00103797 0.00104449 0.00104857 0.00105011 0.00105036 0.00105047 0.00105051  578637 609207 767574 1.0317e+006 1.3114e+006 1.00114e+006 2.19688e+006 1.15415e+006 1.3347e+006 6.36163e+006 962883 968852 538376 289292 174914 171643 296579 190259 141154 134055 275311 426906 470633 245491 259878 107576 85267.3 1.80469e+006
80105.6 80105.6 8.82399e-011 3.42418e-009 3.15344e-007 5.22923e-006 5.78397e-005 0.000481423 0.00248546 0.00720335 0.0112357 0.00991822 0.00620883 0.00354979 0.00214783 0.00147409 0.00116656 0.00102328 0.000956985 0.000930018 0.000923485 0.000926832 0.00093393 0.000941296 0.0009472 0.000950898 0.000952301 0.000952526 0.00095262 0.000952658  563254 442933 469203 604379 836796 1.0832e+006 845127 1.84976e+006 968243 1.11508e+006 5.29589e+006 801905 801277 440569 234978 141666 138931 241447 155581 116315 111449 230066 356817 394521 206461 218948 90603.7 1.59259e+006
42329.9 42329.9 5.62476e-011 2.18291e-009 2.01031e-007 3.33321e-006 3.68704e-005 0.000306969 0.00158569 0.0045997 0.00717877 0.00633311 0.00395958 0.00226154 0.00136771 0.000938591 0.000742855 0.000651723 0.000609603 0.000592509 0.000588413 0.000590596 0.000595157 0.000599878 0.000603658 0.000606023 0.00060692 0.000607064 0.000607124 0.000607148  447241 460776 371226 402805 531370 753438 998338 776937 1.69141e+006 881103 1.01529e+006 4.81681e+006 722299 714985 390221 207252 124895 122883 214858 139487 105050 101272 209987 326630 361759 189491 201049 1.54602e+006
33215.2 33215.2 5.17837e-011 2.00959e-009 1.85068e-007 3.06854e-006 3.39431e-005 0.000282598 0.00145986 0.00423526 0.00661058 0.00583081 0.00364393 0.00208039 0.00125794 0.000863293 0.00068334 0.000599584 0.000560894 0.00054521 0.000541474 0.000543506 0.000547719 0.000552074 0.000555559 0.000557739 0.000558565 0.000558698 0.000558753 0.000558775  607383 368310 401178 480393 386183 500985 814415 967780 721080 1.56075e+006 853726 1.00593e+006 4.29115e+006 654096 679706 359122 190241 118315 116903 217247 137306 104276 104150 212339 300787 333456 181094 1.68353e+006
74444.4 74444.4 1.44785e-010 5.61861e-009 5.17434e-007 8.58012e-006 9.49047e-005 0.0007899 0.00407587 0.0117948 0.0183727 0.0162251 0.0101693 0.00581913 0.00352256 0.00241813 0.00191386 0.00167887 0.00157015 0.00152592 0.00151521 0.00152071 0.00153236 0.00154445 0.00155414 0.00156021 0.00156251 0.00156288 0.00156303 0.0015631  1.23821e+006 478216 297122 331502 406434 334649 444630 721843 854951 634828 1.37261e+006 747440 869644 3.67023e+006 555251 574829 303757 161525 101115 100693 188550 119922 91490.3 91655 187191 265412 294380 1.64657e+006
78442.8 78442.8 2.03239e-010 7.88654e-009 7.26295e-007 1.20421e-005 0.000133195 0.00110835 0.00571407 0.0165064 0.0256677 0.0226546 0.01419 0.00811225 0.0049092 0.00337136 0.00267021 0.00234412 0.00219371 0.00213298 0.00211877 0.00212701 0.00214368 0.00216084 0.00217454 0.00218311 0.00218636 0.00218687 0.00218709 0.00218717  928937 936380 367527 233967 267466 339492 283986 374548 605603 709086 526242 1.13904e+006 616796 712114 2.97286e+006 448602 465361 246441 131842 83272.4 83510.2 157726 100601 76981.2 77370.3 157952 223126 1.63492e+006
39335 39335 1.2797e-010 4.96668e-009 4.57395e-007 7.58277e-006 8.3876e-005 0.000698238 0.00360372 0.0104317 0.0162477 0.0143302 0.0089615 0.00511765 0.0030951 0.00212478 0.00168258 0.00147696 0.00138214 0.00134387 0.00133493 0.00134014 0.00135067 0.0013615 0.00137016 0.00137556 0.00137761 0.00137793 0.00137807 0.00137812  2.13268e+006 759873 784690 315477 205617 240716 312593 260077 338915 541962 634728 471104 1.00964e+006 541785 621675 2.58876e+006 391108 407592 217392 117263 74649.5 75349.6 142980 91476.2 70123.3 70544.6 144086 1.6954e+006
30590.8 30590.8 1.12092e-010 4.3502e-009 4.00623e-007 6.64266e-006 7.34752e-005 0.000611616 0.00315714 0.00914378 0.0142519 0.012579 0.00787503 0.00450226 0.00272416 0.00186983 0.00147998 0.00129843 0.0012145 0.00118042 0.00117224 0.00117658 0.00118565 0.00119504 0.00120257 0.00120727 0.00120906 0.00120935 0.00120947 0.00120951  1.03403e+006 1.90324e+006 723464 827465 288899 193697 235660 376153 270694 324133 569269 610158 427359 899356 506242 588472 2.23989e+006 351608 389457 204254 110898 73304.8 74001.6 148521 92052.5 70656.5 73405.2 1.76289e+006
90467.6 90467.6 4.09985e-010 1.59108e-008 1.46528e-006 2.42951e-005 0.000268699 0.00223483 0.0114945 0.0330169 0.0510983 0.0451929 0.0284629 0.0163409 0.00990955 0.00680992 0.0053937 0.00473398 0.00442912 0.00430554 0.00427612 0.00429216 0.00432538 0.00435971 0.00438719 0.00440437 0.00441089 0.00441193 0.00441237 0.00441254  810186 813935 1.53515e+006 597731 699994 250295 171809 208434 330460 236317 283046 496648 527127 365758 764201 428503 498061 1.90253e+006 300549 335466 177258 96841.9 64302.5 65106.8 130894 81203.6 62359.2 1.62111e+006
89828.3 89828.3 5.30392e-010 2.05804e-008 1.89531e-006 3.14099e-005 0.000347383 0.00288805 0.0148256 0.0424226 0.0653822 0.0576484 0.0361332 0.0206345 0.0124878 0.00859111 0.00682208 0.00600447 0.00563148 0.00548479 0.00545499 0.00548095 0.00552721 0.00557363 0.00561031 0.00563311 0.00564167 0.005643 0.00564356 0.00564378  465976 620838 626835 1.21057e+006 483374 580649 211288 143663 170223 266256 190723 229822 404249 425616 293281 610884 343695 401266 1.53704e+006 245164 276365 146801 80567 53737.4 54481.6 109902 68108.2 1.40936e+006
78055.1 78055.1 5.07707e-010 1.97113e-008 1.8153e-006 3.00899e-005 0.000332769 0.00276767 0.0142199 0.0407254 0.0628488 0.0555908 0.0350704 0.0201595 0.0122319 0.00840772 0.00666037 0.00584682 0.00547133 0.00531957 0.00528395 0.00530435 0.00534583 0.00538857 0.00542271 0.00544405 0.00545214 0.00545342 0.00545396 0.00545417  426371 380804 519711 537492 1.06174e+006 434072 532493 191047 125883 144832 226124 162217 193096 336585 353475 244255 512103 290762 343091 1.32849e+006 213962 243064 129823 71504 47789.6 48501.1 97884.6 1.31628e+006
64179 64179 3.4946e-010 1.35631e-008 1.24908e-006 2.07099e-005 0.000229046 0.00190534 0.00980659 0.0282137 0.043724 0.0386557 0.0243217 0.013955 0.00845938 0.00581152 0.00460183 0.00403826 0.00377776 0.00367206 0.00364679 0.00366036 0.00368862 0.00371786 0.00374127 0.00375592 0.00376147 0.00376236 0.00376273 0.00376288  414897 355745 390671 685933 517865 1.03855e+006 445779 564948 180671 118417 137856 254732 171552 181107 341033 332453 218275 453284 275678 330625 1.17642e+006 198962 239452 125395 69175.1 47857.7 48252.6 1.37748e+006
174644 174644 8.57249e-010 3.32655e-008 3.06357e-006 5.07946e-005 0.00056165 0.00466485 0.0238578 0.0676828 0.103645 0.0919169 0.0583756 0.0337058 0.0205038 0.014116 0.0111934 0.00983233 0.00920436 0.00895095 0.00889197 0.0089267 0.00899662 0.00906851 0.00912591 0.00916178 0.00917536 0.00917753 0.00917843 0.00917879  235143 326405 286825 322648 579989 448341 919288 391135 485733 152562 100361 117926 217360 145566 152845 286953 279844 184443 385526 236300 285541 1.02237e+006 173691 209661 109984 60730 42035.3 1.25263e+006
282648 282648 1.40507e-009 5.45192e-008 5.02114e-006 8.32013e-005 0.000919554 0.00762018 0.0386562 0.107911 0.162853 0.144227 0.0917797 0.0529478 0.0322187 0.0222398 0.0177038 0.0156121 0.0146636 0.0142965 0.014229 0.0143034 0.0144283 0.0145521 0.0146494 0.0147096 0.0147321 0.0147356 0.014737 0.0147376  235442 186896 250548 225569 261576 483410 377334 756855 307070 366041 115868 78530.4 93169.5 172835 115590 120569 227642 222576 147438 310510 192406 234025 838421 143187 173538 91035.5 50294.5 1.07268e+006
164099 164099 8.21093e-010 3.19022e-008 2.9381e-006 4.86711e-005 0.000538154 0.00447354 0.0228972 0.0649732 0.0994094 0.0879679 0.0557521 0.032147 0.0195351 0.0134409 0.0106577 0.00936467 0.0087705 0.00853295 0.00848018 0.00851614 0.00858503 0.0086552 0.008711 0.00874578 0.00875891 0.00876097 0.00876183 0.00876217  1.17e+006 191636 155823 214003 197017 233603 437991 329006 607529 228920 274922 89966.9 61513.9 73142.5 136285 91873.3 96851.2 185109 183330 122950 261724 163541 200091 719577 123155 149417 78419.5 967615
165550 165550 7.76427e-010 3.01456e-008 2.77626e-006 4.60142e-005 0.00050881 0.00422855 0.0216528 0.0615479 0.0943654 0.0835856 0.0529828 0.030554 0.0185713 0.0127788 0.0101307 0.00889835 0.00833044 0.00810184 0.00804927 0.00808147 0.00814541 0.00821097 0.00826326 0.00829592 0.00830827 0.00831023 0.00831104 0.00831137  4.26158e+006 988431 223760 317242 195932 184811 254961 518293 312748 557211 221826 284713 87598.1 61255.1 71557.3 147246 98422.4 90557.4 187481 176363 112451 235978 159216 195755 638331 115471 147993 1.01966e+006
243894 243894 1.40787e-009 5.46433e-008 5.03242e-006 8.34151e-005 0.000922114 0.00764769 0.0388505 0.108544 0.164031 0.145858 0.0935105 0.0543384 0.0331704 0.0228857 0.0181758 0.015985 0.0149777 0.0145751 0.0144858 0.014547 0.0146639 0.0147831 0.0148778 0.0149368 0.0149591 0.0149626 0.0149641 0.0149647  1.14297e+006 3.34799e+006 796443 184691 267888 169340 162996 220589 428657 248450 446041 182001 235440 72429.6 50540 59004.3 121697 81782.5 75825.6 158339 150164 96384.3 203230 137550 169424 552995 100082 1.01231e+006
328982 328982 2.95578e-009 1.14698e-007 1.05636e-005 0.000174693 0.00192993 0.0159314 0.0792682 0.211998 0.307879 0.272206 0.174649 0.100802 0.0614867 0.0427559 0.0343694 0.0306001 0.0289732 0.0284239 0.0284187 0.0286596 0.0289739 0.0292648 0.0294863 0.0296209 0.0296701 0.0296769 0.0296798 0.0296809  1.15741e+007 855714 2.56178e+006 625521 150272 224757 141587 131623 165308 300473 175752 331146 138637 181085 55822.8 39117.3 45815.4 95460.5 64821.6 60212.3 127198 121187 77950.7 164686 112064 138134 449024 907510
118180 118180 1.5866e-009 6.1726e-008 5.68426e-006 9.35919e-005 0.0010356 0.00861595 0.0436879 0.120938 0.17947 0.154303 0.0935474 0.0515382 0.0307544 0.0213104 0.01723 0.0154743 0.0147766 0.0146007 0.0146807 0.0148682 0.0150774 0.0152607 0.0153965 0.0154775 0.0155064 0.0155099 0.0155114 0.015512  3.28462e+006 9.38594e+006 710947 2.18049e+006 542232 133083 200364 116707 91156.9 97615.7 178151 109823 209035 88175.5 117553 37311.2 26978.2 32548 69622.3 48337.4 45701.3 97822.4 94043.6 60836.9 128932 87851.6 108341 1.06423e+006
165122 165122 1.97983e-009 7.69627e-008 7.08803e-006 0.000117275 0.00129634 0.0107504 0.0542765 0.149148 0.221759 0.196707 0.126393 0.0734338 0.0448437 0.0310101 0.0247157 0.0218186 0.0205122 0.0200145 0.0199327 0.020047 0.0202297 0.0204086 0.0205484 0.0206347 0.0206668 0.0206717 0.0206737 0.0206745  540069 2.67513e+006 7.76915e+006 646156 1.87063e+006 499141 158196 270306 99424.4 73316.1 96551.9 191460 86150.6 156623 70963.9 99416.2 31000.6 23847.3 28322.2 67045.8 49068 38506.3 90526.9 82070.3 48916.1 99810 75879.3 963741
244947 244947 2.88675e-009 1.12092e-007 1.0323e-005 0.000171004 0.00188985 0.0156285 0.0781001 0.209807 0.306726 0.275113 0.181216 0.10735 0.0662264 0.0459595 0.0366268 0.0322838 0.0302951 0.0295105 0.0293494 0.0294862 0.0297315 0.029978 0.030173 0.0302941 0.0303397 0.0303468 0.0303497 0.0303509  5.2343e+007 422691 2.15285e+006 6.40495e+006 543056 1.60801e+006 435947 131678 200416 66298.5 49424.6 68704.6 139510 63385.1 116184 53199.6 75492 23876.7 18635.8 22438.3 53745.9 39696.7 31353.4 74016.6 67258.7 40132.5 81926.9 853584
267725 267725 2.5137e-009 9.75686e-008 8.98741e-006 0.000148954 0.00164393 0.0135522 0.0676327 0.182956 0.269168 0.240188 0.156514 0.0919196 0.0564216 0.0390764 0.0311433 0.0274766 0.0258124 0.0251675 0.0250475 0.0251763 0.0253937 0.0256093 0.0257787 0.0258836 0.0259229 0.025929 0.0259315 0.0259325  1.42669e+007 3.90845e+007 326610 1.69031e+006 5.13652e+006 446664 1.33214e+006 337758 87845.1 116927 39352.5 32794.5 49172.7 103105 47237.7 87360.8 40474.4 57975.8 18537.7 14631 17717.2 42818.5 31893.9 25021.7 59383.4 53877.3 32030.7 747346
201177 201177 1.15386e-009 4.5092e-008 4.15377e-006 6.84837e-005 0.000756563 0.00629655 0.0320669 0.0896878 0.134767 0.117803 0.0740025 0.0423253 0.025589 0.0175976 0.0140041 0.0123719 0.0116507 0.0113895 0.0113625 0.0114439 0.0115608 0.0116721 0.011758 0.0118105 0.0118299 0.0118326 0.0118338 0.0118342  2.46525e+007 1.15027e+007 3.23021e+007 276639 1.46468e+006 4.53796e+006 396135 1.09909e+006 239897 54760.1 74659.1 27354.5 23887.7 36561.7 77546.7 35902.9 67177.1 31521.5 45744.5 14808.6 11812.4 14422.5 35056.8 26208.8 20604.4 48950.4 44433.1 642935
348106 348106 1.16562e-009 4.53103e-008 4.17302e-006 6.90922e-005 0.000763826 0.00634521 0.0323417 0.0908696 0.137782 0.121991 0.0776634 0.0449041 0.0273291 0.0188279 0.0149489 0.0131516 0.0123301 0.012006 0.0119391 0.011995 0.0120957 0.0121971 0.0122772 0.012327 0.0123457 0.0123486 0.0123498 0.0123503  7.48102e+006 1.94717e+007 9.55233e+006 2.72526e+007 285493 1.29719e+006 4.06216e+006 372692 887813 193827 68407.3 114304 26292.6 24502.8 46422.7 100032 40581.2 75017.5 37095.1 53612.7 17503.6 14182 16300.5 40769.8 32345.7 20663.7 52891.7 647942
414506 414506 9.15472e-010 3.55559e-008 3.27448e-006 5.42238e-005 0.000599659 0.00498465 0.0254873 0.0721367 0.110045 0.097132 0.0612697 0.035145 0.0213171 0.0146838 0.0116717 0.0102819 0.00965051 0.00940493 0.00935833 0.00940627 0.0094881 0.00956946 0.0096335 0.00967319 0.00968806 0.00969034 0.00969129 0.00969167  1.91012e+006 5.85633e+006 1.56724e+007 7.87646e+006 2.29406e+007 245859 1.139e+006 3.4661e+006 296769 663332 145810 53236.1 90148.6 20789.7 19381.6 36813 79774.2 32635.7 60945.1 30455.9 44439.7 14620.4 11910.8 13738.8 34432.3 27345.6 17477.8 592944
415153 415153 7.08492e-010 2.75678e-008 2.53904e-006 4.20054e-005 0.000464394 0.00386371 0.0197968 0.0562682 0.0860626 0.0757504 0.0476371 0.0272935 0.0165288 0.0113636 0.00901959 0.00793885 0.00744823 0.00725759 0.00722154 0.0072589 0.00732255 0.0073858 0.00743557 0.0074664 0.00747793 0.00747969 0.00748042 0.00748071  7.92076e+006 1.42891e+006 4.48787e+006 1.22985e+007 6.31494e+006 1.88228e+007 207721 933801 2.69118e+006 220110 489970 109808 40788.8 68832.1 15696.6 14756.6 28418.9 62099.5 25638.4 48362.5 24453.7 35924.7 11913.7 9742.24 11221.2 28150.9 22451.5 495725
127816 127816 1.40062e-010 5.45108e-009 5.02027e-007 8.28642e-006 9.16722e-005 0.000764631 0.00394379 0.0113696 0.0175306 0.0151449 0.00917338 0.00508678 0.003036 0.00208705 0.00166795 0.0014807 0.00140007 0.00137287 0.0013726 0.00138453 0.00140011 0.00141454 0.00142552 0.0014322 0.00143463 0.00143497 0.00143511 0.00143516  5.24998e+006 6.42499e+006 1.19416e+006 3.84257e+006 1.07327e+007 5.63842e+006 1.71893e+007 186316 800537 2.20498e+006 179363 402620 89736.2 33076.8 55598.8 12702.6 12021.4 23381.2 51689.2 21594.3 41167.1 20991.8 31024.5 10328.8 8464.97 9760.55 24498.3 451066
1.25065e+006 1.25065e+006 7.48686e-010 2.90871e-008 2.67871e-006 4.43093e-005 0.000490112 0.00407763 0.0208871 0.0593372 0.0906403 0.0793999 0.0493666 0.027955 0.0168582 0.0116136 0.00925924 0.00818737 0.00771098 0.00753563 0.00751412 0.00756425 0.00763833 0.00770944 0.00776452 0.00779834 0.00781086 0.00781268 0.00781345 0.00781375  1.14674e+007 4.21875e+006 5.32822e+006 1.06416e+006 3.32404e+006 9.44101e+006 5.15117e+006 1.55185e+007 200451 704264 1.83498e+006 161253 295602 72922.5 41510.7 71537.4 13411.5 13833.6 30177 65141.5 26215.2 49089.3 25737 37220.5 12880.1 10557.1 11487.6 485421
636251 636251 2.72285e-010 1.05699e-008 9.7339e-007 1.61165e-005 0.0001783 0.00148454 0.00764783 0.022031 0.0340984 0.0298748 0.0184859 0.0104431 0.0062884 0.00432402 0.00343966 0.00303462 0.00285248 0.00278329 0.00277211 0.00278824 0.00281389 0.00283897 0.00285856 0.00287066 0.00287516 0.00287584 0.00287612 0.00287623  901218 8.99388e+006 3.39809e+006 4.39608e+006 894596 2.86196e+006 8.31352e+006 4.45279e+006 1.28081e+007 157698 545616 1.40009e+006 119401 215271 53119.5 30580.2 53566.8 10224.5 10735.5 23803 52091 21185.8 39966 21053.4 30527.8 10576.8 8673.44 408360
837081 837081 3.67955e-010 1.42959e-008 1.3166e-006 2.18013e-005 0.000241103 0.0020066 0.0103227 0.0296463 0.0457899 0.0402616 0.0251366 0.0143197 0.0086511 0.00594439 0.00471768 0.00415181 0.00389439 0.00379379 0.00377409 0.00379289 0.00382559 0.00385823 0.00388396 0.00389993 0.00390591 0.00390683 0.00390722 0.00390737  6.77708e+006 675617 6.89339e+006 2.66829e+006 3.52419e+006 736122 2.40787e+006 6.94428e+006 3.65585e+006 1.02978e+007 126236 422018 1.04553e+006 88195 157277 39345.5 23332 41298.9 7964.19 8497.17 19092.1 42029.2 17197.2 32523.7 17188.1 24912.9 8662.23 338668
71866.9 71866.9 3.61956e-011 1.40559e-009 1.29443e-007 2.14231e-006 2.37024e-005 0.000197502 0.00102023 0.00295697 0.00459779 0.00401384 0.00246493 0.00138439 0.000831167 0.000571018 0.000454337 0.000401095 0.000377287 0.000368365 0.000367069 0.000369347 0.000372849 0.000376244 0.000378887 0.000380514 0.000381119 0.000381208 0.000381246 0.000381261  1.03795e+007 5.52132e+006 565333 5.9089e+006 2.33552e+006 3.15806e+006 675107 2.18679e+006 6.15766e+006 3.16189e+006 8.8396e+006 107651 353730 865337 72626.4 129726 32658.8 19549.7 34990.3 6824.48 7355.5 16661.4 36890.7 15151.4 28715.9 15191.7 22029.9 307221
698747 698747 4.75549e-010 1.84585e-008 1.6998e-006 2.8117e-005 0.00031113 0.00259045 0.0133143 0.0381239 0.0586054 0.0511062 0.0313962 0.0175957 0.0105647 0.00727782 0.0058127 0.00515043 0.00485948 0.0047556 0.00474689 0.00478204 0.00483131 0.00487791 0.00491376 0.00493569 0.00494377 0.00494492 0.0049454 0.0049456  1.58071e+006 8.6449e+006 4.60658e+006 511563 5.11801e+006 2.08226e+006 2.89088e+006 643657 1.99147e+006 5.50816e+006 2.79967e+006 7.46354e+006 110938 285583 684771 71204.2 108011 32622.5 27197 46927.3 8619.87 9713.28 22662 47788.8 19474 36016.9 19282.4 371183
330209 330209 3.15237e-010 1.22333e-008 1.12655e-006 1.86531e-005 0.000206382 0.00171822 0.00884813 0.0254637 0.039376 0.0344904 0.0213255 0.0120342 0.00724478 0.00498412 0.00396764 0.0035028 0.00329433 0.0032157 0.00320367 0.00322293 0.00325299 0.00328225 0.00330507 0.00331914 0.00332437 0.00332515 0.00332548 0.00332561  4.04943e+006 1.24362e+006 6.97172e+006 3.80484e+006 430527 4.41495e+006 1.83983e+006 2.52481e+006 545530 1.6303e+006 4.39979e+006 2.1485e+006 5.4394e+006 78784.2 202856 493766 52416.5 81261.4 25057.1 21278.4 37278.4 6927.47 7869.59 18455.6 39030.4 15925.1 29467.4 319549
538288 538288 6.25167e-010 2.42727e-008 2.23534e-006 3.70229e-005 0.000409488 0.0034058 0.0174725 0.0498538 0.0765877 0.0674619 0.0422785 0.0241338 0.0146031 0.0100496 0.00798574 0.00703424 0.00660215 0.00643414 0.00640229 0.00643513 0.00649116 0.00654686 0.00659071 0.00661788 0.00662806 0.00662962 0.00663027 0.00663053  1.61732e+007 3.0346e+006 955520 5.48253e+006 3.05254e+006 354764 3.71556e+006 1.53698e+006 2.06813e+006 437812 1.28586e+006 3.37835e+006 1.59101e+006 3.94667e+006 57845.2 148218 365188 39790.2 62057 19565.6 17033.4 30007.5 5614.13 6413.13 15073.1 31814.7 12995.7 283525
65552.5 65552.5 7.49907e-011 2.91191e-009 2.6817e-007 4.44333e-006 4.91489e-005 0.0004093 0.00211359 0.00612386 0.00953823 0.00839005 0.00522419 0.00297244 0.00179443 0.00123163 0.000976032 0.000857661 0.00080342 0.000781841 0.000777163 0.000780585 0.000786997 0.0007935 0.000798663 0.000801878 0.00080309 0.000803279 0.000803358 0.00080339  1.4003e+007 1.32093e+007 2.54202e+006 819875 4.80582e+006 2.74004e+006 325482 3.3568e+006 1.33778e+006 1.73625e+006 366135 1.07666e+006 2.7918e+006 1.30244e+006 3.22478e+006 47465.1 122621 305362 33670.4 53137.4 16929.5 14861.1 26334.8 4945.78 5661.87 13321.5 28131.1 262261
991841 991841 1.18251e-009 4.59022e-008 4.22721e-006 7.00313e-005 0.000774473 0.00643248 0.032793 0.0921954 0.139936 0.123942 0.0787453 0.045412 0.0276251 0.0190519 0.0151464 0.0133389 0.0125144 0.0121908 0.012126 0.0121845 0.0122879 0.0123914 0.0124731 0.0125238 0.0125429 0.0125458 0.012547 0.0125475  1.26931e+007 1.13699e+007 1.09761e+007 2.2223e+006 743725 4.38945e+006 2.52403e+006 314788 3.03741e+006 1.21141e+006 1.56413e+006 343362 939454 2.3821e+006 1.12173e+006 2.74958e+006 54998 109705 270545 38289.2 50022.8 18966.5 20743.2 34693.4 6511.02 7605.62 17861.8 348228
334827 334827 4.37071e-010 1.69687e-008 1.56275e-006 2.59007e-005 0.000286412 0.00238173 0.0122399 0.0351082 0.054239 0.0478879 0.0301004 0.0172483 0.0104496 0.00718126 0.00569176 0.00500018 0.00468227 0.00455492 0.00452632 0.00454517 0.00458168 0.00461894 0.00464861 0.00466711 0.0046741 0.0046752 0.00467566 0.00467584  1.10548e+006 9.98534e+006 9.16966e+006 9.06703e+006 1.87639e+006 642873 3.8671e+006 2.16179e+006 251945 2.28603e+006 918649 1.22185e+006 270374 740929 1.88352e+006 891569 2.20244e+006 44488.3 89726 223735 31977.5 42105.1 16053.2 17620.3 29530.6 5547.78 6483.55 312166
663795 663795 8.85897e-010 3.43985e-008 3.16792e-006 5.25039e-005 0.000580566 0.00482419 0.0246752 0.0699339 0.106955 0.0948292 0.0602708 0.0348276 0.0211909 0.014587 0.0115649 0.0101576 0.00950866 0.00924709 0.00918658 0.00922293 0.00929562 0.00937024 0.00942979 0.00946699 0.00948107 0.0094833 0.00948423 0.00948461  5.76447e+006 830653 7.64311e+006 7.19122e+006 7.27369e+006 1.54232e+006 540293 3.20933e+006 1.74643e+006 199201 1.80277e+006 730185 966196 212905 579067 1.46985e+006 698159 1.73417e+006 35815.3 72007.3 180936 26323.2 34531.6 13301.6 14747.4 24656.5 4642.3 265619
133299 133299 1.72426e-010 6.69972e-009 6.17024e-007 1.02202e-005 0.000113029 0.000941168 0.00485396 0.0140192 0.0217695 0.0191564 0.0119608 0.00682155 0.00412175 0.00282891 0.00224125 0.00196901 0.00184424 0.00179459 0.00178381 0.00179165 0.00180638 0.00182132 0.00183318 0.00184056 0.00184335 0.00184378 0.00184396 0.00184403  1.01427e+007 4.70737e+006 695827 6.55848e+006 6.31256e+006 6.53492e+006 1.41361e+006 484677 2.73554e+006 1.42239e+006 163813 1.52796e+006 626378 830505 182759 496844 1.26394e+006 603494 1.51034e+006 31458.6 63758.1 161266 23572.9 31019.7 11970.2 13284 22220.4 243627
1.23217e+006 1.23217e+006 1.56702e-009 6.08473e-008 5.60359e-006 9.28006e-005 0.00102613 0.00851565 0.0432159 0.120206 0.180743 0.16032 0.102481 0.0593401 0.0361779 0.0249871 0.0198882 0.017532 0.0164612 0.0160449 0.0159665 0.0160484 0.0161878 0.0163263 0.0164353 0.0165028 0.0165281 0.016532 0.0165336 0.0165343  5.46695e+006 8.20886e+006 3.99419e+006 682514 5.69457e+006 5.62924e+006 5.95888e+006 1.31353e+006 453189 2.48523e+006 1.27317e+006 156692 1.31575e+006 540817 712229 166452 424436 1.07579e+006 528541 1.32284e+006 37158.8 59288 147936 27318 30071.8 13461.8 17272.3 314874
642360 642360 6.73818e-010 2.61376e-008 2.40716e-006 3.99294e-005 0.000441476 0.00366623 0.0187808 0.053551 0.0824096 0.0730864 0.0463318 0.0267271 0.0162482 0.0111773 0.00885516 0.00777166 0.00726996 0.0070657 0.00701604 0.00704116 0.00709468 0.00715027 0.00719484 0.00722276 0.00723336 0.00723507 0.00723578 0.00723606  2.45432e+006 4.29599e+006 6.61734e+006 3.29806e+006 575616 4.91526e+006 4.94399e+006 5.04072e+006 1.01543e+006 322877 1.78968e+006 956803 119712 1.01148e+006 418091 554833 130946 337746 866641 430912 1.08986e+006 30868.3 49539.3 124077 22961.2 25302.4 11332.2 279679
951571 951571 8.29746e-010 3.22095e-008 2.96642e-006 4.91767e-005 0.000543665 0.00451479 0.0230867 0.0655123 0.100331 0.0889285 0.0564567 0.0325956 0.0198229 0.0136418 0.0108145 0.0094982 0.00889117 0.00864639 0.00858957 0.0086233 0.00869101 0.00876059 0.00881612 0.00885082 0.00886395 0.00886604 0.00886691 0.00886726  8.5844e+006 1.83941e+006 3.28837e+006 5.18724e+006 2.65156e+006 475228 4.11634e+006 4.06553e+006 3.98759e+006 778554 250384 1.42119e+006 766042 96231.4 806937 333188 442442 105121 271939 702692 352268 895945 25818.4 41102.6 103038 19279.2 21093.7 244656
104016 104016 8.21914e-011 3.1931e-009 2.94072e-007 4.87058e-006 5.38709e-005 0.000448687 0.00231655 0.0067075 0.0104362 0.00916909 0.00570299 0.00324193 0.00195601 0.00134235 0.00106403 0.000935368 0.000876591 0.000853372 0.000848528 0.000852465 0.000859616 0.000866821 0.000872526 0.000876073 0.000877406 0.000877613 0.000877699 0.000877734  1.43536e+007 7.00028e+006 1.53783e+006 2.81637e+006 4.54722e+006 2.37802e+006 434256 3.67952e+006 3.46168e+006 3.2535e+006 640975 211965 1.21556e+006 655849 82235.2 689109 285149 380615 91109.5 237692 619115 312403 798291 23075.1 36800.5 92340.6 17285.9 238340
1.4896e+006 1.4896e+006 1.34795e-009 5.23356e-008 4.81965e-006 7.98009e-005 0.000882529 0.00732892 0.0372901 0.10433 0.157569 0.139315 0.0883687 0.0508426 0.030904 0.0213334 0.0169911 0.0149928 0.0140901 0.0137442 0.0136849 0.0137611 0.0138848 0.0140065 0.0141017 0.0141606 0.0141826 0.0141859 0.0141873 0.0141879  1.8981e+007 1.16533e+007 5.83571e+006 1.38942e+006 2.46893e+006 4.05417e+006 2.20652e+006 434807 3.32408e+006 3.10928e+006 2.89325e+006 581418 193511 1.06455e+006 566032 77177.3 579688 246940 332874 86230.6 210072 544993 282933 718203 27263.1 34872.4 85939 293958
435325 435325 4.95712e-010 1.92346e-008 1.77139e-006 2.93762e-005 0.000324861 0.00270056 0.0138719 0.0397519 0.0614152 0.0543824 0.0343415 0.0197564 0.011993 0.00824413 0.00652915 0.00572936 0.0053592 0.00520863 0.00517218 0.00519091 0.00523059 0.00527175 0.00530474 0.0053254 0.00533325 0.00533451 0.00533503 0.00533524  1.60048e+006 1.49218e+007 9.39608e+006 4.81956e+006 1.17152e+006 2.13125e+006 3.56587e+006 1.87923e+006 342561 2.43682e+006 2.28828e+006 2.18633e+006 440747 146683 810603 434915 60007 456796 197306 269497 70611.5 173557 453088 236170 600863 22833.8 29220.9 318413
730610 730610 9.23049e-010 3.58296e-008 3.2998e-006 5.47053e-005 0.000604788 0.00502147 0.0256526 0.0726166 0.110988 0.0984614 0.062645 0.0362264 0.02205 0.0151804 0.0120358 0.0105709 0.00989494 0.00962207 0.00955841 0.00959559 0.00967066 0.00974788 0.00980955 0.00984809 0.00986268 0.009865 0.00986597 0.00986636  4.90932e+006 1.20001e+006 1.14322e+007 7.37575e+006 3.87526e+006 966059 1.79143e+006 2.95823e+006 1.51644e+006 270834 1.93091e+006 1.84421e+006 1.76707e+006 355863 118101 649999 348832 48506.5 369428 160969 221478 58571.8 144053 376948 197030 501515 19297.9 292711
127241 127241 1.56983e-010 6.09837e-009 5.61638e-007 9.30455e-006 0.000102905 0.000856805 0.00441967 0.0127726 0.019849 0.0174753 0.0109155 0.0062278 0.00376379 0.0025832 0.00204619 0.00179718 0.00168288 0.00163722 0.00162711 0.00163406 0.00164734 0.00166086 0.00167161 0.00167831 0.00168084 0.00168123 0.0016814 0.00168147  2.31381e+007 4.00495e+006 1.00355e+006 9.79403e+006 6.46794e+006 3.4767e+006 882755 1.59811e+006 2.50121e+006 1.22344e+006 220890 1.6267e+006 1.57491e+006 1.5132e+006 304414 100985 556998 300451 42088.1 323234 141958 196589 52231.9 128852 337765 176716 450023 280051
1.04536e+006 1.04536e+006 1.34103e-009 5.20665e-008 4.795e-006 7.9457e-005 0.000878547 0.00729292 0.0371084 0.103885 0.157196 0.139685 0.089425 0.0519145 0.0316747 0.0218477 0.0173488 0.0152564 0.0142947 0.0139105 0.0138257 0.0138847 0.0139969 0.014111 0.0142017 0.0142583 0.0142796 0.014283 0.0142844 0.0142849  6.05726e+006 1.86891e+007 3.44321e+006 901176 8.5076e+006 5.77803e+006 3.18277e+006 838817 1.44976e+006 2.22679e+006 1.10552e+006 218599 1.41308e+006 1.35828e+006 1.2931e+006 270105 92606.4 497669 270497 41883.9 284855 129632 180412 51768.6 117214 303477 163116 717407
238974 238974 2.8644e-010 1.11169e-008 1.02379e-006 1.69751e-005 0.000187753 0.00156225 0.00804816 0.0231979 0.0360094 0.0318282 0.0200056 0.0114709 0.00695118 0.00477431 0.00377977 0.0033163 0.00310192 0.00301482 0.00299384 0.00300482 0.00302792 0.00305185 0.00307103 0.00308303 0.00308758 0.00308831 0.00308862 0.00308874  8.71383e+006 4.76131e+006 1.50671e+007 2.84344e+006 761046 7.3525e+006 5.08382e+006 2.71182e+006 661977 1.06886e+006 1.66554e+006 865386 174870 1.13916e+006 1.09807e+006 1.04829e+006 220011 75969.4 411898 226000 35298.5 241755 110569 154383 44382.6 100588 260557 756194
865899 865899 8.412e-010 3.26703e-008 3.00879e-006 4.98583e-005 0.000551313 0.00458219 0.0234505 0.0665335 0.101826 0.0902166 0.0572682 0.0330634 0.0201069 0.0138372 0.0109698 0.00963541 0.00902056 0.00877321 0.00871653 0.00875163 0.00882106 0.00889222 0.00894895 0.00898437 0.00899776 0.00899988 0.00900077 0.00900112  2.37777e+006 6.52384e+006 3.65214e+006 1.18359e+007 2.29073e+006 627936 6.19479e+006 4.25462e+006 2.23259e+006 538177 870292 1.36536e+006 707341 142637 918973 882998 842928 177869 61892.4 337619 186663 29458 201409 92524.7 129406 37360.2 84367.7 854774
280775 280775 2.17358e-010 8.44532e-009 7.77789e-007 1.28839e-005 0.000142485 0.00118626 0.00611471 0.0176395 0.0273664 0.0240984 0.0150699 0.00860536 0.00520272 0.00357133 0.00282917 0.00248509 0.00232723 0.00226425 0.00225039 0.0022601 0.00227854 0.00229729 0.00231219 0.00232147 0.00232497 0.00232552 0.00232575 0.00232584  6.29053e+006 1.94067e+006 5.46452e+006 3.13367e+006 1.03856e+007 2.05726e+006 575580 5.56393e+006 3.63892e+006 1.82726e+006 444075 738244 1.17011e+006 606756 122124 786352 757318 726859 154563 54251 298364 166068 26334.2 180619 83125.3 116372 33613.2 845182
1.22367e+006 1.22367e+006 9.46201e-010 3.67352e-008 3.38311e-006 5.60658e-005 0.000619947 0.0051502 0.0263196 0.074465 0.113697 0.10075 0.063984 0.0369323 0.0224638 0.0154701 0.0122748 0.0107899 0.0101074 0.00983453 0.00977391 0.00981522 0.00989437 0.00997499 0.0100391 0.0100791 0.0100942 0.0100966 0.0100975 0.0100979  1.91822e+006 5.18007e+006 1.73242e+006 4.6945e+006 2.7352e+006 9.24e+006 1.93273e+006 542489 4.96799e+006 3.21523e+006 1.6127e+006 412008 647769 1.00442e+006 528938 116974 669705 652050 629872 141308 51685.2 276355 155492 27106.3 161908 77266.5 108193 840292
320301 320301 2.76422e-010 1.0728e-008 9.87979e-007 1.63813e-005 0.000181185 0.0015076 0.00776721 0.0223938 0.0347687 0.0307277 0.0193081 0.0110684 0.00670644 0.00460605 0.00364658 0.00319952 0.00299276 0.00290878 0.00288858 0.00289921 0.00292152 0.00294463 0.00296314 0.00297473 0.00297913 0.00297983 0.00298012 0.00298024  888328 1.50715e+006 4.17389e+006 1.42991e+006 3.96317e+006 2.3633e+006 8.14066e+006 1.6636e+006 442094 3.85508e+006 2.51625e+006 1.29879e+006 335076 527505 817591 431053 95698.8 551541 541639 528099 119498 44013.3 236510 133507 23317.2 139411 66562.2 817307
696985 696985 5.80877e-010 2.25586e-008 2.07755e-006 3.44287e-005 0.000380722 0.00316608 0.0162509 0.0464346 0.0714974 0.0632247 0.0399135 0.0229523 0.0139287 0.0095758 0.007588 0.0066635 0.00623762 0.00606627 0.00602694 0.00605117 0.00609918 0.0061484 0.00618765 0.00621216 0.00622142 0.00622289 0.0062235 0.00622375  808682 679191 1.16181e+006 3.28123e+006 1.15332e+006 3.26517e+006 1.99147e+006 6.81235e+006 1.37219e+006 359643 3.13945e+006 2.06319e+006 1.06054e+006 272477 425581 657010 346768 77581.7 447661 443095 435207 99290.8 36789.3 197945 111980 19655.8 116818 742844
303045 303045 2.25306e-010 8.75357e-009 8.06175e-007 1.33545e-005 0.000147692 0.0012296 0.00633785 0.0182804 0.0283577 0.0249742 0.0156197 0.00891986 0.00539324 0.00370238 0.00293314 0.00257649 0.00241284 0.00234755 0.00233318 0.00234324 0.00236235 0.00238178 0.00239722 0.00240684 0.00241047 0.00241104 0.00241128 0.00241137  1.06231e+007 659986 568804 996701 2.87899e+006 1.03583e+006 2.99647e+006 1.80152e+006 5.95451e+006 1.16233e+006 305913 2.71407e+006 1.78731e+006 915626 234320 365422 565190 299852 67596.5 393421 392598 388198 88993.4 33078.1 178302 100965 17730.8 775680
1.45682e+006 1.45682e+006 1.20465e-009 4.6772e-008 4.30742e-006 7.13889e-005 0.000789346 0.00655428 0.0334037 0.0938669 0.142526 0.126653 0.0810084 0.0470198 0.0286796 0.0197682 0.015684 0.0137811 0.0129036 0.0125504 0.0124692 0.012519 0.0126179 0.0127193 0.0128001 0.0128506 0.0128697 0.0128727 0.012874 0.0128745  1.38168e+007 8.58284e+006 669078 719697 968024 2.60679e+006 999355 2.73992e+006 1.61757e+006 5.23892e+006 1.06027e+006 280670 2.3458e+006 1.53664e+006 785492 212044 316791 486239 266515 66490 347343 350932 348032 83969.3 32328.1 168022 96255.3 756986
381614 381614 4.01253e-010 1.55726e-008 1.43412e-006 2.37788e-005 0.000262999 0.00218774 0.0112556 0.0323416 0.0500697 0.0442962 0.0279117 0.0160328 0.00972486 0.00668245 0.00529151 0.00464309 0.00434311 0.00422119 0.00419181 0.00420716 0.00423947 0.00427295 0.00429978 0.00431657 0.00432294 0.00432396 0.00432439 0.00432456  1.6601e+006 1.0861e+007 6.91983e+006 552566 608022 836931 2.29582e+006 855118 2.18863e+006 1.21596e+006 3.99541e+006 844539 228367 1.92219e+006 1.2609e+006 645191 174703 262496 406056 224499 56464.2 296928 301425 299864 72477.5 27930.3 145234 737724
679946 679946 9.41986e-010 3.65794e-008 3.36879e-006 5.58301e-005 0.000617327 0.00512907 0.0262173 0.0741868 0.113302 0.100491 0.0639454 0.0369841 0.0225129 0.0154997 0.0122894 0.0107943 0.0101049 0.00982707 0.00976289 0.00980161 0.00987891 0.00995825 0.0100216 0.0100611 0.0100761 0.0100784 0.0100794 0.0100798  1.65264e+007 1.24774e+006 8.33032e+006 5.43626e+006 447800 506307 707475 1.91626e+006 698840 1.7495e+006 976816 3.24847e+006 687916 185240 1.54813e+006 1.01274e+006 518467 141251 213150 332008 185130 47037.4 247193 251734 250833 60817 23483.5 741665
163171 163171 2.72465e-010 1.05857e-008 9.74906e-007 1.61497e-005 0.000178603 0.00148678 0.00765925 0.0220634 0.0341889 0.030121 0.0188577 0.0107768 0.0065185 0.00447573 0.00354612 0.00311507 0.00291727 0.00283835 0.00282098 0.00283313 0.00285623 0.00287972 0.00289838 0.00291001 0.0029144 0.00291508 0.00291537 0.00291549  1.35803e+007 1.34923e+007 1.04513e+006 7.14763e+006 4.77118e+006 402221 463835 633496 1.62507e+006 564635 1.42824e+006 823951 2.77845e+006 590100 158743 1.32626e+006 869583 447527 122848 186966 293577 164784 42066.9 221760 226239 225644 54735.9 688832
646166 646166 1.30071e-009 5.05045e-008 4.65117e-006 7.70722e-005 0.000852171 0.00707462 0.0360134 0.100923 0.152845 0.135782 0.0868696 0.0504108 0.030749 0.0212048 0.0168356 0.0148035 0.0138694 0.013496 0.0134134 0.0134703 0.013579 0.0136897 0.0137776 0.0138325 0.0138532 0.0138564 0.0138578 0.0138583  2.58608e+006 1.10057e+007 1.11913e+007 976150 6.22331e+006 4.24743e+006 417296 522360 615907 1.44854e+006 526188 1.26099e+006 717034 2.37619e+006 526573 141819 1.12861e+006 748704 391247 114809 168345 261863 151685 42485.3 199801 205219 204285 714096
251661 251661 5.46552e-010 2.12124e-008 1.95352e-006 3.23895e-005 0.000358216 0.00297877 0.0152992 0.0437842 0.0675501 0.0598192 0.0378045 0.0217609 0.0132139 0.00908507 0.00719617 0.00631546 0.00590808 0.00574263 0.0057029 0.00572393 0.00576797 0.00581358 0.00585009 0.00587295 0.00588162 0.00588301 0.00588359 0.00588382  6.9503e+006 2.03226e+006 8.87171e+006 9.24085e+006 824236 5.37744e+006 3.73719e+006 355873 413496 456304 1.08811e+006 413095 1.01084e+006 578919 1.92307e+006 427210 115580 926217 619852 326965 96777.7 142900 223394 129822 36429.8 171490 176224 788834
589628 589628 1.0038e-009 3.89958e-008 3.59138e-006 5.94987e-005 0.000657854 0.00546597 0.0279187 0.0788413 0.120154 0.106505 0.0677844 0.0392044 0.0238632 0.0164313 0.0130324 0.0114517 0.0107247 0.0104334 0.0103681 0.0104114 0.0104951 0.0105805 0.0106484 0.0106908 0.0107068 0.0107093 0.0107104 0.0107108  1.08868e+007 5.20383e+006 1.56135e+006 6.97003e+006 7.43193e+006 680657 4.52428e+006 3.10342e+006 288097 327074 361633 875286 334359 814444 464603 1.53908e+006 342924 93135.9 749430 505541 268764 80253.7 118789 186092 108463 30584 143301 808190
127215 127215 1.48882e-010 5.78671e-009 5.32944e-007 8.82534e-006 9.76008e-005 0.000812858 0.00419333 0.0121159 0.0188145 0.0165412 0.0103153 0.00587752 0.0035494 0.00243562 0.00192981 0.00169576 0.00158868 0.00154624 0.00153722 0.0015442 0.00155705 0.00157004 0.00158033 0.00158674 0.00158915 0.00158952 0.00158968 0.00158974  3.25639e+007 8.87737e+006 4.35727e+006 1.33924e+006 6.11106e+006 6.66791e+006 622895 4.04077e+006 2.61407e+006 230161 263709 301392 739706 283363 689715 393590 1.30797e+006 293213 80296.5 652021 443581 237459 71258.1 105816 166079 96892.2 27334.5 850624
1.10831e+006 1.10831e+006 1.08403e-009 4.21014e-008 3.87732e-006 6.42375e-005 0.000710298 0.00590073 0.0301143 0.0848716 0.129119 0.114465 0.0728677 0.0421322 0.0256486 0.0176711 0.0140256 0.0123322 0.0115548 0.0112449 0.0111772 0.0112257 0.0113172 0.01141 0.0114838 0.0115297 0.0115471 0.0115498 0.0115509 0.0115514  2.2004e+007 2.62624e+007 7.42279e+006 3.75405e+006 1.21055e+006 5.44703e+006 6.07324e+006 601850 3.63188e+006 2.31826e+006 234023 290567 289351 643225 256902 588608 335547 1.1125e+006 266578 73705.4 571270 393876 213920 68443 97110.8 149542 89887.5 824736
156032 156032 1.37628e-010 5.34189e-009 4.91953e-007 8.15633e-006 9.02169e-005 0.000750985 0.00387556 0.0112159 0.0174685 0.0154191 0.00965831 0.00552416 0.00334309 0.00229475 0.00181633 0.00159354 0.00149056 0.00144876 0.00143875 0.0014441 0.00145525 0.00146679 0.00147604 0.00148182 0.00148401 0.00148436 0.00148451 0.00148457  2.94605e+006 1.72814e+007 2.11679e+007 6.12859e+006 3.16839e+006 1.04565e+006 4.7975e+006 5.21154e+006 485066 2.76611e+006 1.78234e+006 186084 234148 233888 520180 208133 478993 275005 920010 222579 62085.9 484656 335866 183022 58668.9 83324.9 128375 785373
1.07274e+006 1.07274e+006 9.01998e-010 3.5055e-008 3.2285e-006 5.34699e-005 0.000591173 0.00491362 0.0251237 0.0711155 0.108551 0.0960482 0.0609309 0.035154 0.0213683 0.0147056 0.0116639 0.010252 0.00960438 0.00934651 0.00929045 0.00933114 0.00940755 0.00948507 0.00954661 0.00958493 0.00959938 0.00960164 0.00960258 0.00960295  4.66115e+006 2.20601e+006 1.32513e+007 1.66273e+007 4.93001e+006 2.61079e+006 883063 4.03211e+006 4.34345e+006 402274 2.28864e+006 1.475e+006 153620 192145 189694 418728 167891 386784 223446 752964 184046 51652.6 404003 280881 153397 49353.7 69981 768108
215479 215479 1.8703e-010 7.27102e-009 6.69651e-007 1.10861e-005 0.000122599 0.00102104 0.00526441 0.0151902 0.0235519 0.0206857 0.0128862 0.00733404 0.00442675 0.00303824 0.0024087 0.00211803 0.00198554 0.0019335 0.00192298 0.00193226 0.00194873 0.00196525 0.0019783 0.0019864 0.00198945 0.00198991 0.00199011 0.00199019  5.96075e+007 3.79528e+006 1.84598e+006 1.13596e+007 1.45602e+007 4.41742e+006 2.38778e+006 789891 3.41806e+006 3.50391e+006 326288 1.90599e+006 1.23932e+006 129071 161142 159151 352620 142350 330886 193007 656214 161560 45577.4 357692 249165 136211 43845.6 744757
1.24085e+006 1.24085e+006 1.15923e-009 4.50256e-008 4.14662e-006 6.86823e-005 0.000759449 0.00630852 0.0321662 0.0904538 0.137302 0.121623 0.0773656 0.044684 0.027192 0.0187428 0.0148888 0.013103 0.0122866 0.0119645 0.011898 0.0119536 0.0120538 0.0121545 0.0122342 0.0122838 0.0123024 0.0123053 0.0123065 0.012307  1.24727e+006 4.79071e+007 3.2059e+006 1.60138e+006 9.83542e+006 1.29206e+007 4.04658e+006 2.19073e+006 732240 3.01351e+006 3.05321e+006 303407 1.61643e+006 1.03675e+006 124755 165504 148848 305259 131054 289680 169887 575565 152366 42989.9 317845 223041 123421 737483
352977 352977 2.81553e-010 1.09291e-008 1.0065e-006 1.6686e-005 0.000184553 0.00153576 0.00791203 0.0228052 0.035393 0.031268 0.0196417 0.0112568 0.00681952 0.00468357 0.00370827 0.00325408 0.00304423 0.00295917 0.00293892 0.00294997 0.00297284 0.00299648 0.00301539 0.00302722 0.0030317 0.00303242 0.00303272 0.00303284  1.73065e+006 979279 3.86087e+007 2.64658e+006 1.35069e+006 8.49035e+006 1.13709e+007 3.46325e+006 1.75288e+006 551027 2.28546e+006 2.39129e+006 240286 1.28313e+006 824124 99523.6 132867 120544 249767 108369 241828 142908 486794 129320 36561.1 270589 189971 733456
616211 616211 3.64452e-010 1.41608e-008 1.30417e-006 2.16036e-005 0.000238907 0.00198835 0.0102321 0.0293991 0.0454569 0.0400831 0.0251561 0.0144035 0.00872018 0.00598907 0.00474507 0.00416784 0.00390277 0.00379684 0.00377333 0.00378938 0.00382013 0.00385144 0.00387634 0.00389186 0.00389772 0.00389864 0.00389902 0.00389917  2.73162e+006 1.29609e+006 752369 3.03207e+007 2.12968e+006 1.11305e+006 7.15097e+006 9.51254e+006 2.85077e+006 1.42195e+006 448524 1.86831e+006 1.94517e+006 194781 1.03052e+006 659793 80234.2 107762 98049.5 204012 89392.7 200209 118832 405769 108327 30647.3 226284 773768
112541 112541 5.22358e-011 2.02878e-009 1.86842e-007 3.09605e-006 3.42432e-005 0.000285167 0.00147288 0.00426986 0.00665526 0.00585954 0.0036557 0.00208437 0.00125924 0.000863921 0.000684012 0.000600495 0.000562077 0.000546652 0.000543143 0.000545366 0.00054973 0.000554196 0.000557754 0.000559975 0.000560814 0.000560946 0.000561002 0.000561024  1.09951e+007 2.22641e+006 1.08515e+006 645292 2.65753e+007 1.91085e+006 1.02211e+006 6.50697e+006 8.45905e+006 2.4781e+006 1.234e+006 390856 1.61703e+006 1.66975e+006 166204 877691 563245 68896 93304.6 85681.7 179826 79353.4 178629 106377 363934 97254.7 27527.9 898498
1.81425e+006 1.81425e+006 8.79396e-010 3.41373e-008 3.14385e-006 5.21043e-005 0.000576162 0.00478697 0.0244819 0.0693962 0.106133 0.0940063 0.0596104 0.0343676 0.0208921 0.0143849 0.0114133 0.0100326 0.00939808 0.00914437 0.00908802 0.00912644 0.00920004 0.009275 0.00933462 0.00937179 0.00938583 0.00938804 0.00938896 0.00938933  1.1402e+007 8.92238e+006 1.86521e+006 949459 584736 2.36089e+007 1.77485e+006 952967 5.89345e+006 7.62605e+006 2.24279e+006 1.12085e+006 359136 1.41043e+006 1.4414e+006 154175 758037 489689 69634.1 99281.9 85354.9 166486 77660.6 165100 98069.9 331405 95301.6 873243
686433 686433 3.61808e-010 1.40431e-008 1.29328e-006 2.1442e-005 0.000237146 0.00197281 0.0101532 0.0292015 0.0452405 0.0399997 0.0251749 0.014448 0.00875929 0.00601777 0.00476515 0.00418154 0.00391176 0.0038023 0.00377613 0.00379018 0.00381945 0.00384973 0.00387396 0.00388913 0.00389488 0.0038958 0.00389619 0.00389634  1.08257e+007 8.96132e+006 7.18962e+006 1.53957e+006 801690 505354 2.08097e+007 1.53078e+006 781201 4.61632e+006 6.01887e+006 1.81581e+006 914177 292960 1.14959e+006 1.1761e+006 126288 625059 407276 58455.4 84062.8 72775.6 142659 66762.5 142198 84547.9 285848 835628
1.01433e+006 1.01433e+006 4.65189e-010 1.80725e-008 1.66442e-006 2.75742e-005 0.000304926 0.00253695 0.0130394 0.0373653 0.0576514 0.0508911 0.0320188 0.0183662 0.0111301 0.0076475 0.00605974 0.00532248 0.00498362 0.00484796 0.00481758 0.00483778 0.0048768 0.0049166 0.00494828 0.00496803 0.00497548 0.00497666 0.00497715 0.00497734  3.38433e+006 8.09886e+006 6.87002e+006 5.6469e+006 1.23846e+006 660783 426119 1.73594e+007 1.25178e+006 627310 3.71573e+006 4.8933e+006 1.47386e+006 738480 235642 920330 941836 101840 505803 332178 48325.2 70032.6 60737.7 119020 55916 118902 70718.3 938898
471227 471227 1.92752e-010 7.48869e-009 6.89684e-007 1.14247e-005 0.00012635 0.00105197 0.00542406 0.0156582 0.0243075 0.0213988 0.0133704 0.00762951 0.0046113 0.00316526 0.00250769 0.00220293 0.00206317 0.00200747 0.00199528 0.00200396 0.00202035 0.002037 0.00205023 0.00205847 0.00206158 0.00206207 0.00206227 0.00206235  1.3806e+006 2.75923e+006 6.7809e+006 5.89239e+006 4.95055e+006 1.1114e+006 606491 386601 1.53075e+007 1.07428e+006 538652 3.22025e+006 4.22766e+006 1.26546e+006 630833 200967 786686 809681 88264.5 442374 293007 42924.4 62517.9 54398.4 106799 50223.8 106850 907523
2.07353e+006 2.07353e+006 1.1367e-009 4.41403e-008 4.06506e-006 6.73447e-005 0.000744671 0.00618528 0.0315451 0.0887771 0.13488 0.119526 0.0760448 0.0439297 0.0267363 0.0184282 0.0146365 0.012878 0.0120729 0.0117542 0.011687 0.0117403 0.0118377 0.0119359 0.0120137 0.0120622 0.0120804 0.0120832 0.0120844 0.0120849  7.65676e+006 1.12579e+006 2.31375e+006 5.78392e+006 5.1133e+006 4.41427e+006 1.02605e+006 565757 359954 1.34732e+007 966437 488099 2.77318e+006 3.60431e+006 1.08069e+006 544709 177834 675095 699885 82574.2 390340 261062 43753.4 65848.6 54321.1 99357.3 49023.5 944064
409288 409288 3.49573e-010 1.35647e-008 1.24922e-006 2.0716e-005 0.000229108 0.00190543 0.00980537 0.0282123 0.0437348 0.0386819 0.0243492 0.0139759 0.00847382 0.00582167 0.00460947 0.00404439 0.00378293 0.0036766 0.00365089 0.00366416 0.00369221 0.00372131 0.00374463 0.00375924 0.00376478 0.00376567 0.00376604 0.00376619  5.79097e+006 6.01514e+006 907375 1.91025e+006 4.88088e+006 4.41634e+006 3.88622e+006 878876 453803 272068 1.02719e+007 761144 388865 2.21508e+006 2.88281e+006 867143 439633 144721 554843 581137 69202.7 329574 221593 37266.5 56196.4 46405.1 84919.2 849012
831021 831021 8.66785e-010 3.36605e-008 3.09998e-006 5.13725e-005 0.000568043 0.00472041 0.024148 0.0684652 0.104728 0.0928055 0.0589343 0.0340323 0.0206993 0.0142469 0.011296 0.00992281 0.00929017 0.00903576 0.00897756 0.00901379 0.00908534 0.00915864 0.00921707 0.00925354 0.00926734 0.00926952 0.00927043 0.0092708  1.32285e+006 4.33303e+006 4.60949e+006 712749 1.53657e+006 4.01834e+006 3.71515e+006 3.23992e+006 718618 364937 219915 8.36922e+006 619956 315302 1.78289e+006 2.31315e+006 696143 354426 117506 453179 478139 57460.1 274060 184833 31310.5 47307 39000.6 782822
183901 183901 1.70755e-010 6.63448e-009 6.1101e-007 1.01184e-005 0.00011191 0.000931935 0.00480632 0.0138806 0.0215446 0.0189293 0.0117847 0.00670226 0.004045 0.00277699 0.00220215 0.00193669 0.00181563 0.00176803 0.00175836 0.00176678 0.00178179 0.00179684 0.00180874 0.00181613 0.00181891 0.00181934 0.00181952 0.00181959  5.84118e+006 1.0797e+006 3.62877e+006 3.95438e+006 625373 1.37981e+006 3.68158e+006 3.33246e+006 2.76351e+006 585907 300097 186060 7.15671e+006 530799 269533 1.52356e+006 1.98164e+006 599673 307694 102905 400134 425011 51322.1 245557 165911 28132.1 42525.2 738956
1.94479e+006 1.94479e+006 1.78017e-009 6.91322e-008 6.3666e-006 0.000105425 0.00116562 0.00966851 0.0489435 0.135347 0.202498 0.179831 0.115409 0.067015 0.0409179 0.028283 0.022522 0.0198601 0.0186513 0.0181826 0.0180957 0.0181899 0.0183488 0.0185064 0.0186302 0.0187069 0.0187356 0.01874 0.0187418 0.0187426  1.14343e+007 4.76207e+006 908931 3.09942e+006 3.42898e+006 563404 1.27094e+006 3.35057e+006 2.98446e+006 2.44781e+006 525187 270944 166389 5.96664e+006 454531 234063 1.26905e+006 1.66717e+006 514562 271154 93404.9 352659 376399 48871.4 219151 148741 28518.2 733065
471441 471441 5.15398e-010 1.99996e-008 1.84183e-006 3.05415e-005 0.000337766 0.00280824 0.0144248 0.0413165 0.0637974 0.0564857 0.0356686 0.0205174 0.0124549 0.00856273 0.00678268 0.00595287 0.0055691 0.00541326 0.00537586 0.00539569 0.00543719 0.00548016 0.00551456 0.0055361 0.00554427 0.00554558 0.00554613 0.00554634  1.20887e+006 8.98109e+006 3.83806e+006 750380 2.61289e+006 2.95797e+006 494036 1.0679e+006 2.54155e+006 2.06397e+006 1.71547e+006 387382 204380 126686 4.57594e+006 351609 182971 1.00395e+006 1.33566e+006 417306 222257 77204.7 293218 314149 40876.7 183495 124600 638156
598313 598313 8.61074e-010 3.34396e-008 3.07962e-006 5.10293e-005 0.000564279 0.00468985 0.0239963 0.0680456 0.104081 0.092178 0.0584706 0.0337293 0.0205059 0.0141149 0.0111948 0.00983736 0.00921306 0.00896301 0.00890697 0.00894417 0.00901605 0.00908938 0.00914774 0.00918414 0.00919789 0.00920006 0.00920096 0.00920132  1.82563e+006 905037 6.88368e+006 3.0146e+006 603873 2.15149e+006 2.48693e+006 410404 861273 1.99739e+006 1.6327e+006 1.38013e+006 312900 164771 101770 3.65745e+006 281718 147298 811442 1.08801e+006 342638 183774 64177.1 244029 261890 34215.6 153198 638291
176490 176490 2.76784e-010 1.07512e-008 9.90142e-007 1.6401e-005 0.000181389 0.00150981 0.00777628 0.0223966 0.0346935 0.0305322 0.0190712 0.0108736 0.00657115 0.00451327 0.00357885 0.00314663 0.00294909 0.002871 0.00285466 0.00286784 0.00289182 0.002916 0.00293514 0.00294705 0.00295153 0.00295222 0.00295251 0.00295263  2.34471e+006 1.49041e+006 758150 5.90691e+006 2.64514e+006 542343 1.97208e+006 2.23265e+006 350468 702970 1.64229e+006 1.37801e+006 1.1748e+006 266439 140105 86560.4 3.12089e+006 241875 127520 708910 958628 303985 163852 57405.3 218687 234921 30706.9 710512
1.54139e+006 1.54139e+006 2.5242e-009 9.80241e-008 9.02757e-006 0.00014955 0.00165276 0.0136776 0.0686184 0.186059 0.274097 0.245277 0.160508 0.0946437 0.0582333 0.0403503 0.0321276 0.0283026 0.0265502 0.0258573 0.0257129 0.0258309 0.0260448 0.0262602 0.0264306 0.0265366 0.0265765 0.0265828 0.0265854 0.0265864  4.05609e+006 1.93498e+006 1.24136e+006 652891 5.12004e+006 2.36745e+006 503146 1.79314e+006 1.98208e+006 311978 620403 1.42654e+006 1.17302e+006 991965 230479 123217 76963.3 2.63384e+006 214653 116453 616832 842168 271434 149706 53536.8 196191 210784 692859
146596 146596 2.65397e-010 1.03013e-008 9.48686e-007 1.57278e-005 0.000173957 0.00144759 0.00745899 0.0215092 0.0333946 0.029496 0.0185169 0.0106064 0.00642398 0.00441186 0.00349341 0.00306583 0.00286836 0.00278839 0.00276944 0.00277994 0.00280155 0.00282387 0.00284171 0.00285288 0.00285711 0.00285778 0.00285806 0.00285817  7.74625e+006 3.18297e+006 1.55803e+006 1.0239e+006 550373 4.41264e+006 2.06431e+006 412692 1.27351e+006 1.24013e+006 201113 438979 1.06613e+006 899143 769784 180361 97239.2 61323.3 2.12087e+006 174680 95659.1 510473 700626 226583 125211 44821.4 164331 757098
812118 812118 1.49745e-009 5.81768e-008 5.35787e-006 8.87547e-005 0.00098119 0.00814316 0.0413567 0.115239 0.173644 0.154421 0.0992345 0.0577895 0.0353063 0.0243581 0.01934 0.0170052 0.0159319 0.0155032 0.0154085 0.0154742 0.0155994 0.0157268 0.015828 0.015891 0.0159148 0.0159186 0.0159201 0.0159208  3.73269e+006 5.79423e+006 2.44074e+006 1.22468e+006 823427 453415 3.71663e+006 1.72807e+006 340449 1.03492e+006 1.00922e+006 164697 357176 860485 721145 615608 144560 78313.6 49729.8 1.72858e+006 143764 79309.3 423893 583616 189174 104741 37542 771470
249516 249516 3.92648e-010 1.52613e-008 1.40553e-006 2.32678e-005 0.000257314 0.00214188 0.0110168 0.0316112 0.0487732 0.0428736 0.0267784 0.0152612 0.00922065 0.00633526 0.00502768 0.00442472 0.00415063 0.00404372 0.00402302 0.00404332 0.00407838 0.00411333 0.00414086 0.00415794 0.00416434 0.00416532 0.00416572 0.00416589  2.33416e+006 3.04342e+006 4.85177e+006 2.09359e+006 1.07354e+006 738423 413777 3.27181e+006 1.39538e+006 254509 786230 808897 135784 297574 719251 604321 518196 122533 66967 42927.4 1.50514e+006 126063 69894.6 374797 516991 167742 92918.9 717898
869278 869278 1.39493e-009 5.41961e-008 4.9912e-006 8.26153e-005 0.000913452 0.00758456 0.0385556 0.107665 0.162304 0.143492 0.0911654 0.0525349 0.0319467 0.022047 0.0175529 0.0154845 0.0145501 0.014192 0.0141304 0.014209 0.0143369 0.0144627 0.0145611 0.014622 0.0146447 0.0146481 0.0146496 0.0146501  2.37333e+006 2.00244e+006 2.53328e+006 4.11818e+006 1.81668e+006 966271 675739 378174 2.86498e+006 1.20097e+006 223819 672539 673565 116268 250344 594464 499228 433833 108241 60846 39535.8 1.30241e+006 115498 65778 328575 454885 149620 743631
327677 327677 6.91369e-010 2.68359e-008 2.47144e-006 4.09734e-005 0.000453083 0.00376557 0.0193007 0.0550021 0.0845436 0.074912 0.0474617 0.0273667 0.0166324 0.0114411 0.00906576 0.00795881 0.00744737 0.00724024 0.00719117 0.00721838 0.00727439 0.00733219 0.00737842 0.00740733 0.00741829 0.00742004 0.00742077 0.00742106  5.41803e+006 1.86062e+006 1.61236e+006 2.0895e+006 3.46568e+006 1.56451e+006 847629 572902 295410 2.07403e+006 872706 167573 506799 508006 88037.4 191130 459027 390575 344110 86992.3 49461.4 32426.3 1.07493e+006 95711.9 54634.2 273209 378416 743289
350565 350565 9.37464e-010 3.64242e-008 3.35456e-006 5.55673e-005 0.000614381 0.00510571 0.0260964 0.0738139 0.112622 0.0997204 0.0633277 0.0365642 0.0222361 0.0153066 0.0121412 0.010671 0.00999584 0.00972643 0.0096672 0.0097088 0.00978774 0.00986799 0.00993176 0.00997149 0.00998648 0.00998883 0.00998981 0.0099902  2.97362e+006 4.04926e+006 1.42731e+006 1.26787e+006 1.67885e+006 2.84974e+006 1.31301e+006 699584 454353 226351 1.60074e+006 689994 133749 403806 403403 69958.9 151948 366142 313575 278537 71122.6 40726.6 26822.8 888685 79476.1 45464.9 226597 931819
272433 272433 6.69784e-010 2.60362e-008 2.39789e-006 3.96958e-005 0.000438926 0.00365095 0.0187165 0.0532945 0.0817 0.0719935 0.0452724 0.0259334 0.0157086 0.010803 0.00857472 0.00754568 0.00707716 0.00689382 0.00685764 0.00689154 0.00695076 0.00700994 0.00705661 0.00708558 0.00709644 0.00709811 0.0070988 0.00709908  837753 2.42324e+006 3.38944e+006 1.2239e+006 1.11096e+006 1.50534e+006 2.6073e+006 1.17405e+006 591918 365506 183349 1.33425e+006 581134 112756 339972 339806 59142.7 129306 314308 271739 243498 62619 36040.2 23815.3 790548 70769.5 40503.6 1.03228e+006
1.16816e+006 1.16816e+006 2.50788e-009 9.74436e-008 8.97426e-006 0.000148595 0.00164216 0.0135941 0.0682111 0.184944 0.272279 0.24326 0.158854 0.0935026 0.0574744 0.0398163 0.0317135 0.0279538 0.0262384 0.0255668 0.0254346 0.0255593 0.0257768 0.0259941 0.0261654 0.0262717 0.0263115 0.0263177 0.0263203 0.0263213  687396 923751 2.01616e+006 2.87368e+006 1.08511e+006 1.02288e+006 1.36863e+006 2.32346e+006 1.00625e+006 494367 304535 156234 1.09637e+006 479995 97117.6 283590 280977 52092.5 113169 271002 234685 212863 58233.4 34217.8 22662.5 692732 66150.4 969649
491728 491728 1.06234e-009 4.12432e-008 3.79833e-006 6.29588e-005 0.000696072 0.00577955 0.0294894 0.0831701 0.126692 0.112474 0.0717391 0.0415577 0.0253196 0.0174413 0.0138333 0.0121527 0.0113778 0.0110656 0.0109935 0.0110371 0.011124 0.0112132 0.0112844 0.0113289 0.0113457 0.0113484 0.0113495 0.0113499  946305 538589 743489 1.66234e+006 2.41915e+006 933857 891202 1.12208e+006 1.6492e+006 628342 316971 213391 115212 827578 366662 74866.9 220733 221085 41468.4 91123.1 220410 192391 175478 48179.3 28368 18807.4 575168 860249
512741 512741 1.29796e-009 5.0475e-008 4.64877e-006 7.69518e-005 0.000850607 0.00706433 0.0359482 0.100609 0.152018 0.13468 0.0859918 0.0498339 0.0303606 0.0209221 0.0166123 0.0146152 0.0137026 0.0133429 0.013269 0.0133316 0.0134438 0.0135567 0.0136459 0.0137013 0.0137222 0.0137254 0.0137267 0.0137273  866511 710375 414803 588558 1.33462e+006 1.98635e+006 781770 727017 859841 1.19726e+006 461942 242185 165891 90055.2 645713 286365 58789.2 173933 175397 33280.4 73645.2 179058 156965 143637 39625.2 23372.4 15501.2 1.17959e+006
190221 190221 5.14743e-010 2.0017e-008 1.84355e-006 3.05062e-005 0.00033733 0.00280762 0.0144194 0.0412177 0.0633564 0.0556725 0.034815 0.0198557 0.0120003 0.00824774 0.00654859 0.00576642 0.00541203 0.00527492 0.00524971 0.00527755 0.00532428 0.00537057 0.00540694 0.00542945 0.00543787 0.00543914 0.00543968 0.00543989  847230 704004 593913 355293 514410 1.19306e+006 1.80954e+006 689759 593767 654017 918137 368737 196858 135478 73613.8 529209 236034 48867.7 146066 148869 28520 63600.1 155487 136792 125432 34638.5 20440.9 1.04548e+006
1.18487e+006 1.18487e+006 3.32319e-009 1.29135e-007 1.18929e-005 0.000196886 0.00217539 0.0179755 0.0893673 0.237203 0.34317 0.308146 0.204289 0.12157 0.0751765 0.0522451 0.0416847 0.0367803 0.0345451 0.033674 0.0335078 0.0336768 0.0339661 0.0342538 0.0344803 0.0346206 0.0346732 0.0346813 0.0346847 0.0346861  989956 764978 656907 561396 340953 538004 1.0935e+006 1.61811e+006 610058 517212 546044 761131 302928 163529 112502 62347.6 429478 196825 44204.6 127166 128057 26613.3 58301.5 138033 120381 111025 33025.8 958282
300772 300772 9.29238e-010 3.60847e-008 3.32326e-006 5.50746e-005 0.000608943 0.00505892 0.0258572 0.073183 0.111786 0.0991104 0.0630262 0.0364326 0.0221708 0.0152632 0.0121028 0.0106318 0.00995398 0.00968131 0.00961883 0.00965752 0.00973406 0.00981249 0.00987503 0.00991407 0.00992884 0.00993118 0.00993215 0.00993254  1.04871e+006 775717 615873 541769 472552 293276 466771 875894 1.07189e+006 341636 300852 359083 539390 222557 122398 85285.4 47824.5 333475 154746 35171.4 102232 103785 21691.9 47694.1 113153 98784.1 91150 814078
475225 475225 1.8756e-009 7.2976e-008 6.72123e-006 0.000111206 0.00122898 0.0101947 0.05153 0.141939 0.211528 0.187936 0.121237 0.0707714 0.0432823 0.0298897 0.0237652 0.0209295 0.0196378 0.0191332 0.019035 0.0191302 0.019295 0.0194593 0.0195888 0.0196691 0.0196992 0.0197039 0.0197058 0.0197065  1.6601e+006 785243 599009 485140 436634 389524 246472 384299 679715 792107 255336 232285 280163 421694 173862 95712.9 66892.5 37750.1 264520 123925 28506 83185.8 84747.8 17836.7 39237.6 93003.5 81186.4 744921
532993 532993 3.07624e-009 1.19721e-007 1.10265e-005 0.000182333 0.00201437 0.0166642 0.0830652 0.22159 0.321455 0.287268 0.188963 0.111781 0.0688783 0.0477956 0.0381343 0.0336721 0.0316556 0.0308852 0.0307565 0.0309305 0.0312103 0.0314847 0.0316993 0.0318317 0.0318811 0.0318885 0.0318916 0.0318929  4.73608e+006 1.34676e+006 656232 512873 423456 389630 353377 213597 298155 476667 563491 193308 181842 222132 336129 139345 77312.9 54580.2 31156.2 220841 104526 24240.1 71146.4 72753.7 15344.9 33791.4 80133 711978
510430 510430 4.01707e-009 1.56198e-007 1.43857e-005 0.00023802 0.00262905 0.0216907 0.106959 0.278695 0.397047 0.357559 0.239735 0.143833 0.0893313 0.0622327 0.0497343 0.0439378 0.0413074 0.0402948 0.0401168 0.0403338 0.0406901 0.0410412 0.0413164 0.0414865 0.0415501 0.0415598 0.0415638 0.0415654  3.97879e+006 3.84593e+006 1.20794e+006 593338 510326 404749 381410 319177 164336 218735 301736 381389 146956 146350 169564 257478 109221 63467.8 46070.1 27247 180533 88257.6 22765.3 62537.7 61901.9 14421.7 30802.8 692786
539355 539355 5.83187e-009 2.26483e-007 2.08582e-005 0.000345604 0.00381527 0.0313142 0.151285 0.377231 0.520383 0.476618 0.333197 0.20671 0.130711 0.0916906 0.0733418 0.0646968 0.0606945 0.0590855 0.0587228 0.05896 0.0594205 0.0598905 0.0602645 0.0604978 0.0605861 0.0606002 0.0606061 0.0606085  3.97357e+006 3.11053e+006 3.09326e+006 995301 498405 437776 349112 298610 198456 83306.2 115998 185745 257664 103910 105974 124792 192251 82723.1 48748.8 35850.9 21440.5 143292 70474.8 18248.7 50239 49781 11603.4 582344
498834 498834 7.45116e-009 2.90292e-007 2.67376e-005 0.000441851 0.0048737 0.0398937 0.18916 0.452261 0.602966 0.553525 0.394643 0.248454 0.158339 0.111615 0.0896584 0.0794024 0.074744 0.0729613 0.0726643 0.0730689 0.0737183 0.0743544 0.0748515 0.0751583 0.0752728 0.0752901 0.0752974 0.0753003  3.82287e+006 2.96719e+006 2.3821e+006 2.42672e+006 800252 408741 358066 248107 153262 76879.5 35287.7 63293.1 117743 176850 74325.7 77278.9 91687.5 142555 61974.9 36929.9 27411.7 16518.8 110402 54526.2 14221 39038.9 38624 461674
